2024/11/30-18:14:38.640432 2a70 RocksDB version: 8.8.1
2024/11/30-18:14:38.640552 2a70 Git sha 986b8b9f20893dec811d8ecdb97b6a47f20d322d
2024/11/30-18:14:38.640584 2a70 Compile date 2023-11-23 10:47:11
2024/11/30-18:14:38.640612 2a70 DB SUMMARY
2024/11/30-18:14:38.640637 2a70 Host name (Env):  LAPTOP-COHAQ1BR
2024/11/30-18:14:38.640652 2a70 DB Session ID:  GW7B6RN4JW4JXHZQLES2
2024/11/30-18:14:38.642094 2a70 CURRENT file:  CURRENT
2024/11/30-18:14:38.642137 2a70 IDENTITY file:  IDENTITY
2024/11/30-18:14:38.642225 2a70 MANIFEST file:  MANIFEST-000023 size: 775 Bytes
2024/11/30-18:14:38.642253 2a70 SST files in D:\知识\java-knowledge\k-springcloud\material\nacos\data\protocol\raft\naming_persistent_service\log dir, Total Num: 6, files: 000008.sst 000009.sst 000014.sst 000015.sst 000020.sst 000021.sst 
2024/11/30-18:14:38.642405 2a70 Write Ahead Log file in D:\知识\java-knowledge\k-springcloud\material\nacos\data\protocol\raft\naming_persistent_service\log: 000022.log size: 313 ; 
2024/11/30-18:14:38.642436 2a70                         Options.error_if_exists: 0
2024/11/30-18:14:38.642444 2a70                       Options.create_if_missing: 1
2024/11/30-18:14:38.642449 2a70                         Options.paranoid_checks: 1
2024/11/30-18:14:38.642454 2a70             Options.flush_verify_memtable_count: 1
2024/11/30-18:14:38.642458 2a70          Options.compaction_verify_record_count: 1
2024/11/30-18:14:38.642463 2a70                               Options.track_and_verify_wals_in_manifest: 0
2024/11/30-18:14:38.642468 2a70        Options.verify_sst_unique_id_in_manifest: 1
2024/11/30-18:14:38.642472 2a70                                     Options.env: 0000024415885F50
2024/11/30-18:14:38.642478 2a70                                      Options.fs: WinFS
2024/11/30-18:14:38.642483 2a70                                Options.info_log: 000002441A6D0360
2024/11/30-18:14:38.642488 2a70                Options.max_file_opening_threads: 16
2024/11/30-18:14:38.642493 2a70                              Options.statistics: 00000244142A66F0
2024/11/30-18:14:38.642498 2a70                              Options.statistics stats level: 3
2024/11/30-18:14:38.642503 2a70                               Options.use_fsync: 0
2024/11/30-18:14:38.642508 2a70                       Options.max_log_file_size: 0
2024/11/30-18:14:38.642512 2a70                  Options.max_manifest_file_size: 1073741824
2024/11/30-18:14:38.642517 2a70                   Options.log_file_time_to_roll: 0
2024/11/30-18:14:38.642522 2a70                       Options.keep_log_file_num: 100
2024/11/30-18:14:38.642527 2a70                    Options.recycle_log_file_num: 0
2024/11/30-18:14:38.642532 2a70                         Options.allow_fallocate: 1
2024/11/30-18:14:38.642537 2a70                        Options.allow_mmap_reads: 0
2024/11/30-18:14:38.642542 2a70                       Options.allow_mmap_writes: 0
2024/11/30-18:14:38.642546 2a70                        Options.use_direct_reads: 0
2024/11/30-18:14:38.642551 2a70                        Options.use_direct_io_for_flush_and_compaction: 0
2024/11/30-18:14:38.642556 2a70          Options.create_missing_column_families: 1
2024/11/30-18:14:38.642560 2a70                              Options.db_log_dir: 
2024/11/30-18:14:38.642565 2a70                                 Options.wal_dir: 
2024/11/30-18:14:38.642571 2a70                Options.table_cache_numshardbits: 6
2024/11/30-18:14:38.642575 2a70                         Options.WAL_ttl_seconds: 0
2024/11/30-18:14:38.642580 2a70                       Options.WAL_size_limit_MB: 0
2024/11/30-18:14:38.642585 2a70                        Options.max_write_batch_group_size_bytes: 1048576
2024/11/30-18:14:38.642590 2a70             Options.manifest_preallocation_size: 4194304
2024/11/30-18:14:38.642595 2a70                     Options.is_fd_close_on_exec: 1
2024/11/30-18:14:38.642600 2a70                   Options.advise_random_on_open: 1
2024/11/30-18:14:38.642605 2a70                    Options.db_write_buffer_size: 0
2024/11/30-18:14:38.642610 2a70                    Options.write_buffer_manager: 0000024415886310
2024/11/30-18:14:38.642655 2a70         Options.access_hint_on_compaction_start: 1
2024/11/30-18:14:38.642665 2a70           Options.random_access_max_buffer_size: 1048576
2024/11/30-18:14:38.642670 2a70                      Options.use_adaptive_mutex: 0
2024/11/30-18:14:38.642675 2a70                            Options.rate_limiter: 0000000000000000
2024/11/30-18:14:38.642681 2a70     Options.sst_file_manager.rate_bytes_per_sec: 0
2024/11/30-18:14:38.642686 2a70                       Options.wal_recovery_mode: 2
2024/11/30-18:14:38.642690 2a70                  Options.enable_thread_tracking: 0
2024/11/30-18:14:38.642695 2a70                  Options.enable_pipelined_write: 0
2024/11/30-18:14:38.642700 2a70                  Options.unordered_write: 0
2024/11/30-18:14:38.642705 2a70         Options.allow_concurrent_memtable_write: 1
2024/11/30-18:14:38.642710 2a70      Options.enable_write_thread_adaptive_yield: 1
2024/11/30-18:14:38.642715 2a70             Options.write_thread_max_yield_usec: 100
2024/11/30-18:14:38.642719 2a70            Options.write_thread_slow_yield_usec: 3
2024/11/30-18:14:38.642724 2a70                               Options.row_cache: None
2024/11/30-18:14:38.642729 2a70                              Options.wal_filter: None
2024/11/30-18:14:38.642734 2a70             Options.avoid_flush_during_recovery: 0
2024/11/30-18:14:38.642739 2a70             Options.allow_ingest_behind: 0
2024/11/30-18:14:38.642744 2a70             Options.two_write_queues: 0
2024/11/30-18:14:38.642749 2a70             Options.manual_wal_flush: 0
2024/11/30-18:14:38.642754 2a70             Options.wal_compression: 0
2024/11/30-18:14:38.642758 2a70             Options.atomic_flush: 0
2024/11/30-18:14:38.642763 2a70             Options.avoid_unnecessary_blocking_io: 0
2024/11/30-18:14:38.642767 2a70                 Options.persist_stats_to_disk: 0
2024/11/30-18:14:38.642772 2a70                 Options.write_dbid_to_manifest: 0
2024/11/30-18:14:38.642777 2a70                 Options.log_readahead_size: 0
2024/11/30-18:14:38.642782 2a70                 Options.file_checksum_gen_factory: Unknown
2024/11/30-18:14:38.642787 2a70                 Options.best_efforts_recovery: 0
2024/11/30-18:14:38.642792 2a70                Options.max_bgerror_resume_count: 2147483647
2024/11/30-18:14:38.642798 2a70            Options.bgerror_resume_retry_interval: 1000000
2024/11/30-18:14:38.642803 2a70             Options.allow_data_in_errors: 0
2024/11/30-18:14:38.642808 2a70             Options.db_host_id: __hostname__
2024/11/30-18:14:38.642813 2a70             Options.enforce_single_del_contracts: true
2024/11/30-18:14:38.642818 2a70             Options.max_background_jobs: 2
2024/11/30-18:14:38.642823 2a70             Options.max_background_compactions: -1
2024/11/30-18:14:38.642828 2a70             Options.max_subcompactions: 1
2024/11/30-18:14:38.642833 2a70             Options.avoid_flush_during_shutdown: 0
2024/11/30-18:14:38.642837 2a70           Options.writable_file_max_buffer_size: 1048576
2024/11/30-18:14:38.642842 2a70             Options.delayed_write_rate : 16777216
2024/11/30-18:14:38.642847 2a70             Options.max_total_wal_size: 1073741824
2024/11/30-18:14:38.642852 2a70             Options.delete_obsolete_files_period_micros: 21600000000
2024/11/30-18:14:38.642857 2a70                   Options.stats_dump_period_sec: 600
2024/11/30-18:14:38.642863 2a70                 Options.stats_persist_period_sec: 600
2024/11/30-18:14:38.642867 2a70                 Options.stats_history_buffer_size: 1048576
2024/11/30-18:14:38.642872 2a70                          Options.max_open_files: -1
2024/11/30-18:14:38.642877 2a70                          Options.bytes_per_sync: 0
2024/11/30-18:14:38.642882 2a70                      Options.wal_bytes_per_sync: 0
2024/11/30-18:14:38.642887 2a70                   Options.strict_bytes_per_sync: 0
2024/11/30-18:14:38.642891 2a70       Options.compaction_readahead_size: 2097152
2024/11/30-18:14:38.642896 2a70                  Options.max_background_flushes: -1
2024/11/30-18:14:38.642932 2a70 Options.daily_offpeak_time_utc: 
2024/11/30-18:14:38.642951 2a70 Compression algorithms supported:
2024/11/30-18:14:38.642965 2a70 	kZSTD supported: 1
2024/11/30-18:14:38.642970 2a70 	kSnappyCompression supported: 1
2024/11/30-18:14:38.642976 2a70 	kBZip2Compression supported: 0
2024/11/30-18:14:38.642981 2a70 	kZlibCompression supported: 1
2024/11/30-18:14:38.642985 2a70 	kLZ4Compression supported: 1
2024/11/30-18:14:38.642990 2a70 	kXpressCompression supported: 0
2024/11/30-18:14:38.642995 2a70 	kLZ4HCCompression supported: 1
2024/11/30-18:14:38.642999 2a70 	kZSTDNotFinalCompression supported: 1
2024/11/30-18:14:38.643013 2a70 Fast CRC32 supported: Not supported on x86
2024/11/30-18:14:38.643019 2a70 DMutex implementation: std::mutex
2024/11/30-18:14:38.644900 2a70 [db\version_set.cc:5906] Recovering from manifest file: D:\知识\java-knowledge\k-springcloud\material\nacos\data\protocol\raft\naming_persistent_service\log/MANIFEST-000023
2024/11/30-18:14:38.645359 2a70 [db\column_family.cc:618] --------------- Options for column family [default]:
2024/11/30-18:14:38.645375 2a70               Options.comparator: leveldb.BytewiseComparator
2024/11/30-18:14:38.645379 2a70           Options.merge_operator: StringAppendOperator
2024/11/30-18:14:38.645383 2a70        Options.compaction_filter: None
2024/11/30-18:14:38.645386 2a70        Options.compaction_filter_factory: None
2024/11/30-18:14:38.645389 2a70  Options.sst_partitioner_factory: None
2024/11/30-18:14:38.645392 2a70         Options.memtable_factory: SkipListFactory
2024/11/30-18:14:38.645395 2a70            Options.table_factory: BlockBasedTable
2024/11/30-18:14:38.645426 2a70            table_factory options:   flush_block_policy_factory: FlushBlockBySizePolicyFactory (0000024419B3A880)
  cache_index_and_filter_blocks: 0
  cache_index_and_filter_blocks_with_high_priority: 1
  pin_l0_filter_and_index_blocks_in_cache: 1
  pin_top_level_index_and_filter: 1
  index_type: 2
  data_block_index_type: 0
  index_shortening: 1
  data_block_hash_table_util_ratio: 0.750000
  checksum: 4
  no_block_cache: 0
  block_cache: 0000024415885AB0
  block_cache_name: LRUCache
  block_cache_options:
    capacity : 8388608
    num_shard_bits : 4
    strict_capacity_limit : 0
    memory_allocator : None
    high_pri_pool_ratio: 0.500
    low_pri_pool_ratio: 0.000
  persistent_cache: 0000000000000000
  block_size: 4096
  block_size_deviation: 10
  block_restart_interval: 16
  index_block_restart_interval: 1
  metadata_block_size: 8192
  partition_filters: 1
  use_delta_encoding: 1
  filter_policy: nullptr
  whole_key_filtering: 1
  verify_compression: 0
  read_amp_bytes_per_bit: 0
  format_version: 5
  enable_index_compression: 1
  block_align: 0
  max_auto_readahead_size: 262144
  prepopulate_block_cache: 0
  initial_auto_readahead_size: 8192
  num_file_reads_for_auto_readahead: 2
2024/11/30-18:14:38.645432 2a70        Options.write_buffer_size: 67108864
2024/11/30-18:14:38.645435 2a70  Options.max_write_buffer_number: 3
2024/11/30-18:14:38.645439 2a70          Options.compression: Snappy
2024/11/30-18:14:38.645442 2a70                  Options.bottommost_compression: Disabled
2024/11/30-18:14:38.645445 2a70       Options.prefix_extractor: rocksdb.FixedPrefix
2024/11/30-18:14:38.645449 2a70   Options.memtable_insert_with_hint_prefix_extractor: nullptr
2024/11/30-18:14:38.645452 2a70             Options.num_levels: 7
2024/11/30-18:14:38.645455 2a70        Options.min_write_buffer_number_to_merge: 1
2024/11/30-18:14:38.645458 2a70     Options.max_write_buffer_number_to_maintain: 0
2024/11/30-18:14:38.645461 2a70     Options.max_write_buffer_size_to_maintain: 0
2024/11/30-18:14:38.645464 2a70            Options.bottommost_compression_opts.window_bits: -14
2024/11/30-18:14:38.645468 2a70                  Options.bottommost_compression_opts.level: 32767
2024/11/30-18:14:38.645476 2a70               Options.bottommost_compression_opts.strategy: 0
2024/11/30-18:14:38.645483 2a70         Options.bottommost_compression_opts.max_dict_bytes: 0
2024/11/30-18:14:38.645486 2a70         Options.bottommost_compression_opts.zstd_max_train_bytes: 0
2024/11/30-18:14:38.645493 2a70         Options.bottommost_compression_opts.parallel_threads: 1
2024/11/30-18:14:38.645498 2a70                  Options.bottommost_compression_opts.enabled: false
2024/11/30-18:14:38.645501 2a70         Options.bottommost_compression_opts.max_dict_buffer_bytes: 0
2024/11/30-18:14:38.645505 2a70         Options.bottommost_compression_opts.use_zstd_dict_trainer: true
2024/11/30-18:14:38.645508 2a70            Options.compression_opts.window_bits: -14
2024/11/30-18:14:38.645511 2a70                  Options.compression_opts.level: 32767
2024/11/30-18:14:38.645515 2a70               Options.compression_opts.strategy: 0
2024/11/30-18:14:38.645518 2a70         Options.compression_opts.max_dict_bytes: 0
2024/11/30-18:14:38.645521 2a70         Options.compression_opts.zstd_max_train_bytes: 0
2024/11/30-18:14:38.645524 2a70         Options.compression_opts.use_zstd_dict_trainer: true
2024/11/30-18:14:38.645527 2a70         Options.compression_opts.parallel_threads: 1
2024/11/30-18:14:38.645530 2a70                  Options.compression_opts.enabled: false
2024/11/30-18:14:38.645534 2a70         Options.compression_opts.max_dict_buffer_bytes: 0
2024/11/30-18:14:38.645537 2a70      Options.level0_file_num_compaction_trigger: 10
2024/11/30-18:14:38.645540 2a70          Options.level0_slowdown_writes_trigger: 20
2024/11/30-18:14:38.645544 2a70              Options.level0_stop_writes_trigger: 40
2024/11/30-18:14:38.645547 2a70                   Options.target_file_size_base: 67108864
2024/11/30-18:14:38.645550 2a70             Options.target_file_size_multiplier: 1
2024/11/30-18:14:38.645553 2a70                Options.max_bytes_for_level_base: 536870912
2024/11/30-18:14:38.645556 2a70 Options.level_compaction_dynamic_level_bytes: 1
2024/11/30-18:14:38.645560 2a70          Options.max_bytes_for_level_multiplier: 10.000000
2024/11/30-18:14:38.645564 2a70 Options.max_bytes_for_level_multiplier_addtl[0]: 1
2024/11/30-18:14:38.645567 2a70 Options.max_bytes_for_level_multiplier_addtl[1]: 1
2024/11/30-18:14:38.645570 2a70 Options.max_bytes_for_level_multiplier_addtl[2]: 1
2024/11/30-18:14:38.645573 2a70 Options.max_bytes_for_level_multiplier_addtl[3]: 1
2024/11/30-18:14:38.645576 2a70 Options.max_bytes_for_level_multiplier_addtl[4]: 1
2024/11/30-18:14:38.645580 2a70 Options.max_bytes_for_level_multiplier_addtl[5]: 1
2024/11/30-18:14:38.645583 2a70 Options.max_bytes_for_level_multiplier_addtl[6]: 1
2024/11/30-18:14:38.645586 2a70       Options.max_sequential_skip_in_iterations: 8
2024/11/30-18:14:38.645590 2a70                    Options.max_compaction_bytes: 1677721600
2024/11/30-18:14:38.645593 2a70   Options.ignore_max_compaction_bytes_for_input: true
2024/11/30-18:14:38.645596 2a70                        Options.arena_block_size: 1048576
2024/11/30-18:14:38.645600 2a70   Options.soft_pending_compaction_bytes_limit: 68719476736
2024/11/30-18:14:38.645603 2a70   Options.hard_pending_compaction_bytes_limit: 274877906944
2024/11/30-18:14:38.645606 2a70                Options.disable_auto_compactions: 0
2024/11/30-18:14:38.645610 2a70                        Options.compaction_style: kCompactionStyleLevel
2024/11/30-18:14:38.645614 2a70                          Options.compaction_pri: kMinOverlappingRatio
2024/11/30-18:14:38.645617 2a70 Options.compaction_options_universal.size_ratio: 1
2024/11/30-18:14:38.645621 2a70 Options.compaction_options_universal.min_merge_width: 2
2024/11/30-18:14:38.645624 2a70 Options.compaction_options_universal.max_merge_width: 4294967295
2024/11/30-18:14:38.645627 2a70 Options.compaction_options_universal.max_size_amplification_percent: 200
2024/11/30-18:14:38.645631 2a70 Options.compaction_options_universal.compression_size_percent: -1
2024/11/30-18:14:38.645634 2a70 Options.compaction_options_universal.stop_style: kCompactionStopStyleTotalSize
2024/11/30-18:14:38.645638 2a70 Options.compaction_options_fifo.max_table_files_size: 1073741824
2024/11/30-18:14:38.645641 2a70 Options.compaction_options_fifo.allow_compaction: 0
2024/11/30-18:14:38.645695 2a70                   Options.table_properties_collectors: 
2024/11/30-18:14:38.645701 2a70                   Options.inplace_update_support: 0
2024/11/30-18:14:38.645705 2a70                 Options.inplace_update_num_locks: 10000
2024/11/30-18:14:38.645708 2a70               Options.memtable_prefix_bloom_size_ratio: 0.125000
2024/11/30-18:14:38.645712 2a70               Options.memtable_whole_key_filtering: 0
2024/11/30-18:14:38.645715 2a70   Options.memtable_huge_page_size: 0
2024/11/30-18:14:38.645718 2a70                           Options.bloom_locality: 0
2024/11/30-18:14:38.645721 2a70                    Options.max_successive_merges: 0
2024/11/30-18:14:38.645724 2a70                Options.optimize_filters_for_hits: 0
2024/11/30-18:14:38.645728 2a70                Options.paranoid_file_checks: 0
2024/11/30-18:14:38.645731 2a70                Options.force_consistency_checks: 1
2024/11/30-18:14:38.645734 2a70                Options.report_bg_io_stats: 0
2024/11/30-18:14:38.645737 2a70                               Options.ttl: 2592000
2024/11/30-18:14:38.645740 2a70          Options.periodic_compaction_seconds: 0
2024/11/30-18:14:38.645744 2a70                        Options.default_temperature: kUnknown
2024/11/30-18:14:38.645747 2a70  Options.preclude_last_level_data_seconds: 0
2024/11/30-18:14:38.645750 2a70    Options.preserve_internal_time_seconds: 0
2024/11/30-18:14:38.645754 2a70                       Options.enable_blob_files: false
2024/11/30-18:14:38.645757 2a70                           Options.min_blob_size: 0
2024/11/30-18:14:38.645760 2a70                          Options.blob_file_size: 268435456
2024/11/30-18:14:38.645764 2a70                   Options.blob_compression_type: NoCompression
2024/11/30-18:14:38.645767 2a70          Options.enable_blob_garbage_collection: false
2024/11/30-18:14:38.645770 2a70      Options.blob_garbage_collection_age_cutoff: 0.250000
2024/11/30-18:14:38.645774 2a70 Options.blob_garbage_collection_force_threshold: 1.000000
2024/11/30-18:14:38.645777 2a70          Options.blob_compaction_readahead_size: 0
2024/11/30-18:14:38.645781 2a70                Options.blob_file_starting_level: 0
2024/11/30-18:14:38.645784 2a70         Options.experimental_mempurge_threshold: 0.000000
2024/11/30-18:14:38.645787 2a70            Options.memtable_max_range_deletions: 0
2024/11/30-18:14:38.647398 2a70 [db\column_family.cc:618] --------------- Options for column family [Configuration]:
2024/11/30-18:14:38.647418 2a70               Options.comparator: leveldb.BytewiseComparator
2024/11/30-18:14:38.647423 2a70           Options.merge_operator: StringAppendOperator
2024/11/30-18:14:38.647426 2a70        Options.compaction_filter: None
2024/11/30-18:14:38.647429 2a70        Options.compaction_filter_factory: None
2024/11/30-18:14:38.647432 2a70  Options.sst_partitioner_factory: None
2024/11/30-18:14:38.647435 2a70         Options.memtable_factory: SkipListFactory
2024/11/30-18:14:38.647438 2a70            Options.table_factory: BlockBasedTable
2024/11/30-18:14:38.647480 2a70            table_factory options:   flush_block_policy_factory: FlushBlockBySizePolicyFactory (0000024419B3A880)
  cache_index_and_filter_blocks: 0
  cache_index_and_filter_blocks_with_high_priority: 1
  pin_l0_filter_and_index_blocks_in_cache: 1
  pin_top_level_index_and_filter: 1
  index_type: 2
  data_block_index_type: 0
  index_shortening: 1
  data_block_hash_table_util_ratio: 0.750000
  checksum: 4
  no_block_cache: 0
  block_cache: 0000024415885AB0
  block_cache_name: LRUCache
  block_cache_options:
    capacity : 8388608
    num_shard_bits : 4
    strict_capacity_limit : 0
    memory_allocator : None
    high_pri_pool_ratio: 0.500
    low_pri_pool_ratio: 0.000
  persistent_cache: 0000000000000000
  block_size: 4096
  block_size_deviation: 10
  block_restart_interval: 16
  index_block_restart_interval: 1
  metadata_block_size: 8192
  partition_filters: 1
  use_delta_encoding: 1
  filter_policy: nullptr
  whole_key_filtering: 1
  verify_compression: 0
  read_amp_bytes_per_bit: 0
  format_version: 5
  enable_index_compression: 1
  block_align: 0
  max_auto_readahead_size: 262144
  prepopulate_block_cache: 0
  initial_auto_readahead_size: 8192
  num_file_reads_for_auto_readahead: 2
2024/11/30-18:14:38.647489 2a70        Options.write_buffer_size: 67108864
2024/11/30-18:14:38.647494 2a70  Options.max_write_buffer_number: 3
2024/11/30-18:14:38.647497 2a70          Options.compression: Snappy
2024/11/30-18:14:38.647500 2a70                  Options.bottommost_compression: Disabled
2024/11/30-18:14:38.647504 2a70       Options.prefix_extractor: rocksdb.FixedPrefix
2024/11/30-18:14:38.647507 2a70   Options.memtable_insert_with_hint_prefix_extractor: nullptr
2024/11/30-18:14:38.647511 2a70             Options.num_levels: 7
2024/11/30-18:14:38.647514 2a70        Options.min_write_buffer_number_to_merge: 1
2024/11/30-18:14:38.647517 2a70     Options.max_write_buffer_number_to_maintain: 0
2024/11/30-18:14:38.647520 2a70     Options.max_write_buffer_size_to_maintain: 0
2024/11/30-18:14:38.647523 2a70            Options.bottommost_compression_opts.window_bits: -14
2024/11/30-18:14:38.647526 2a70                  Options.bottommost_compression_opts.level: 32767
2024/11/30-18:14:38.647530 2a70               Options.bottommost_compression_opts.strategy: 0
2024/11/30-18:14:38.647533 2a70         Options.bottommost_compression_opts.max_dict_bytes: 0
2024/11/30-18:14:38.647537 2a70         Options.bottommost_compression_opts.zstd_max_train_bytes: 0
2024/11/30-18:14:38.647540 2a70         Options.bottommost_compression_opts.parallel_threads: 1
2024/11/30-18:14:38.647543 2a70                  Options.bottommost_compression_opts.enabled: false
2024/11/30-18:14:38.647547 2a70         Options.bottommost_compression_opts.max_dict_buffer_bytes: 0
2024/11/30-18:14:38.647550 2a70         Options.bottommost_compression_opts.use_zstd_dict_trainer: true
2024/11/30-18:14:38.647553 2a70            Options.compression_opts.window_bits: -14
2024/11/30-18:14:38.647556 2a70                  Options.compression_opts.level: 32767
2024/11/30-18:14:38.647560 2a70               Options.compression_opts.strategy: 0
2024/11/30-18:14:38.647563 2a70         Options.compression_opts.max_dict_bytes: 0
2024/11/30-18:14:38.647566 2a70         Options.compression_opts.zstd_max_train_bytes: 0
2024/11/30-18:14:38.647569 2a70         Options.compression_opts.use_zstd_dict_trainer: true
2024/11/30-18:14:38.647573 2a70         Options.compression_opts.parallel_threads: 1
2024/11/30-18:14:38.647576 2a70                  Options.compression_opts.enabled: false
2024/11/30-18:14:38.647579 2a70         Options.compression_opts.max_dict_buffer_bytes: 0
2024/11/30-18:14:38.647582 2a70      Options.level0_file_num_compaction_trigger: 10
2024/11/30-18:14:38.647585 2a70          Options.level0_slowdown_writes_trigger: 20
2024/11/30-18:14:38.647589 2a70              Options.level0_stop_writes_trigger: 40
2024/11/30-18:14:38.647592 2a70                   Options.target_file_size_base: 67108864
2024/11/30-18:14:38.647595 2a70             Options.target_file_size_multiplier: 1
2024/11/30-18:14:38.647598 2a70                Options.max_bytes_for_level_base: 536870912
2024/11/30-18:14:38.647601 2a70 Options.level_compaction_dynamic_level_bytes: 1
2024/11/30-18:14:38.647604 2a70          Options.max_bytes_for_level_multiplier: 10.000000
2024/11/30-18:14:38.647608 2a70 Options.max_bytes_for_level_multiplier_addtl[0]: 1
2024/11/30-18:14:38.647612 2a70 Options.max_bytes_for_level_multiplier_addtl[1]: 1
2024/11/30-18:14:38.647615 2a70 Options.max_bytes_for_level_multiplier_addtl[2]: 1
2024/11/30-18:14:38.647618 2a70 Options.max_bytes_for_level_multiplier_addtl[3]: 1
2024/11/30-18:14:38.647621 2a70 Options.max_bytes_for_level_multiplier_addtl[4]: 1
2024/11/30-18:14:38.647624 2a70 Options.max_bytes_for_level_multiplier_addtl[5]: 1
2024/11/30-18:14:38.647627 2a70 Options.max_bytes_for_level_multiplier_addtl[6]: 1
2024/11/30-18:14:38.647631 2a70       Options.max_sequential_skip_in_iterations: 8
2024/11/30-18:14:38.647634 2a70                    Options.max_compaction_bytes: 1677721600
2024/11/30-18:14:38.647638 2a70   Options.ignore_max_compaction_bytes_for_input: true
2024/11/30-18:14:38.647642 2a70                        Options.arena_block_size: 1048576
2024/11/30-18:14:38.647645 2a70   Options.soft_pending_compaction_bytes_limit: 68719476736
2024/11/30-18:14:38.647648 2a70   Options.hard_pending_compaction_bytes_limit: 274877906944
2024/11/30-18:14:38.647651 2a70                Options.disable_auto_compactions: 0
2024/11/30-18:14:38.647656 2a70                        Options.compaction_style: kCompactionStyleLevel
2024/11/30-18:14:38.647659 2a70                          Options.compaction_pri: kMinOverlappingRatio
2024/11/30-18:14:38.647663 2a70 Options.compaction_options_universal.size_ratio: 1
2024/11/30-18:14:38.647666 2a70 Options.compaction_options_universal.min_merge_width: 2
2024/11/30-18:14:38.647669 2a70 Options.compaction_options_universal.max_merge_width: 4294967295
2024/11/30-18:14:38.647672 2a70 Options.compaction_options_universal.max_size_amplification_percent: 200
2024/11/30-18:14:38.647676 2a70 Options.compaction_options_universal.compression_size_percent: -1
2024/11/30-18:14:38.647679 2a70 Options.compaction_options_universal.stop_style: kCompactionStopStyleTotalSize
2024/11/30-18:14:38.647682 2a70 Options.compaction_options_fifo.max_table_files_size: 1073741824
2024/11/30-18:14:38.647686 2a70 Options.compaction_options_fifo.allow_compaction: 0
2024/11/30-18:14:38.647693 2a70                   Options.table_properties_collectors: 
2024/11/30-18:14:38.647696 2a70                   Options.inplace_update_support: 0
2024/11/30-18:14:38.647699 2a70                 Options.inplace_update_num_locks: 10000
2024/11/30-18:14:38.647703 2a70               Options.memtable_prefix_bloom_size_ratio: 0.125000
2024/11/30-18:14:38.647706 2a70               Options.memtable_whole_key_filtering: 0
2024/11/30-18:14:38.647710 2a70   Options.memtable_huge_page_size: 0
2024/11/30-18:14:38.647713 2a70                           Options.bloom_locality: 0
2024/11/30-18:14:38.647716 2a70                    Options.max_successive_merges: 0
2024/11/30-18:14:38.647719 2a70                Options.optimize_filters_for_hits: 0
2024/11/30-18:14:38.647723 2a70                Options.paranoid_file_checks: 0
2024/11/30-18:14:38.647727 2a70                Options.force_consistency_checks: 1
2024/11/30-18:14:38.647730 2a70                Options.report_bg_io_stats: 0
2024/11/30-18:14:38.647733 2a70                               Options.ttl: 2592000
2024/11/30-18:14:38.647736 2a70          Options.periodic_compaction_seconds: 0
2024/11/30-18:14:38.647740 2a70                        Options.default_temperature: kUnknown
2024/11/30-18:14:38.647743 2a70  Options.preclude_last_level_data_seconds: 0
2024/11/30-18:14:38.647746 2a70    Options.preserve_internal_time_seconds: 0
2024/11/30-18:14:38.647749 2a70                       Options.enable_blob_files: false
2024/11/30-18:14:38.647753 2a70                           Options.min_blob_size: 0
2024/11/30-18:14:38.647756 2a70                          Options.blob_file_size: 268435456
2024/11/30-18:14:38.647759 2a70                   Options.blob_compression_type: NoCompression
2024/11/30-18:14:38.647763 2a70          Options.enable_blob_garbage_collection: false
2024/11/30-18:14:38.647766 2a70      Options.blob_garbage_collection_age_cutoff: 0.250000
2024/11/30-18:14:38.647769 2a70 Options.blob_garbage_collection_force_threshold: 1.000000
2024/11/30-18:14:38.647773 2a70          Options.blob_compaction_readahead_size: 0
2024/11/30-18:14:38.647776 2a70                Options.blob_file_starting_level: 0
2024/11/30-18:14:38.647779 2a70         Options.experimental_mempurge_threshold: 0.000000
2024/11/30-18:14:38.647783 2a70            Options.memtable_max_range_deletions: 0
2024/11/30-18:14:38.652606 2a70 [db\version_set.cc:5957] Recovered from manifest file:D:\知识\java-knowledge\k-springcloud\material\nacos\data\protocol\raft\naming_persistent_service\log/MANIFEST-000023 succeeded,manifest_file_number is 23, next_file_number is 25, last_sequence is 20, log_number is 17,prev_log_number is 0,max_column_family is 1,min_log_number_to_keep is 17
2024/11/30-18:14:38.652627 2a70 [db\version_set.cc:5966] Column family [default] (ID 0), log number is 17
2024/11/30-18:14:38.652633 2a70 [db\version_set.cc:5966] Column family [Configuration] (ID 1), log number is 17
2024/11/30-18:14:38.653054 2a70 [db\db_impl\db_impl_open.cc:646] DB ID: 0c69524f-ae40-11ef-aece-8032539efea9
2024/11/30-18:14:38.655434 2a70 EVENT_LOG_v1 {"time_micros": 1732961678655407, "job": 1, "event": "recovery_started", "wal_files": [22]}
2024/11/30-18:14:38.655460 2a70 [db\db_impl\db_impl_open.cc:1145] Recovering log #22 mode 2
2024/11/30-18:14:38.659468 2a70 EVENT_LOG_v1 {"time_micros": 1732961678659424, "cf_name": "default", "job": 1, "event": "table_file_creation", "file_number": 26, "file_size": 1204, "file_checksum": "", "file_checksum_func_name": "Unknown", "smallest_seqno": 21, "largest_seqno": 26, "table_properties": {"data_size": 66, "index_size": 45, "index_partitions": 1, "top_level_index_size": 20, "index_key_is_user_key": 1, "index_value_is_delta_encoded": 1, "filter_size": 0, "raw_key_size": 32, "raw_average_key_size": 16, "raw_value_size": 42, "raw_average_value_size": 21, "num_data_blocks": 1, "num_entries": 2, "num_filter_entries": 0, "num_deletions": 1, "num_merge_operands": 0, "num_range_deletions": 1, "format_version": 0, "fixed_key_len": 0, "filter_policy": "", "column_family_name": "default", "column_family_id": 0, "comparator": "leveldb.BytewiseComparator", "user_defined_timestamps_persisted": 1, "merge_operator": "StringAppendOperator", "prefix_extractor_name": "rocksdb.FixedPrefix.8", "property_collectors": "[]", "compression": "Snappy", "compression_options": "window_bits=-14; level=32767; strategy=0; max_dict_bytes=0; zstd_max_train_bytes=0; enabled=0; max_dict_buffer_bytes=0; use_zstd_dict_trainer=1; ", "creation_time": 1732961678, "oldest_key_time": 0, "file_creation_time": 0, "slow_compression_estimated_data_size": 0, "fast_compression_estimated_data_size": 0, "db_id": "0c69524f-ae40-11ef-aece-8032539efea9", "db_session_id": "GW7B6RN4JW4JXHZQLES2", "orig_file_number": 26, "seqno_to_time_mapping": "N/A"}}
2024/11/30-18:14:38.665192 2a70 EVENT_LOG_v1 {"time_micros": 1732961678665151, "cf_name": "Configuration", "job": 1, "event": "table_file_creation", "file_number": 27, "file_size": 1268, "file_checksum": "", "file_checksum_func_name": "Unknown", "smallest_seqno": 22, "largest_seqno": 27, "table_properties": {"data_size": 103, "index_size": 65, "index_partitions": 1, "top_level_index_size": 30, "index_key_is_user_key": 1, "index_value_is_delta_encoded": 1, "filter_size": 0, "raw_key_size": 58, "raw_average_key_size": 19, "raw_value_size": 50, "raw_average_value_size": 16, "num_data_blocks": 1, "num_entries": 3, "num_filter_entries": 0, "num_deletions": 1, "num_merge_operands": 0, "num_range_deletions": 1, "format_version": 0, "fixed_key_len": 0, "filter_policy": "", "column_family_name": "Configuration", "column_family_id": 1, "comparator": "leveldb.BytewiseComparator", "user_defined_timestamps_persisted": 1, "merge_operator": "StringAppendOperator", "prefix_extractor_name": "rocksdb.FixedPrefix.8", "property_collectors": "[]", "compression": "Snappy", "compression_options": "window_bits=-14; level=32767; strategy=0; max_dict_bytes=0; zstd_max_train_bytes=0; enabled=0; max_dict_buffer_bytes=0; use_zstd_dict_trainer=1; ", "creation_time": 1732961678, "oldest_key_time": 0, "file_creation_time": 0, "slow_compression_estimated_data_size": 0, "fast_compression_estimated_data_size": 0, "db_id": "0c69524f-ae40-11ef-aece-8032539efea9", "db_session_id": "GW7B6RN4JW4JXHZQLES2", "orig_file_number": 27, "seqno_to_time_mapping": "N/A"}}
2024/11/30-18:14:38.669416 2a70 EVENT_LOG_v1 {"time_micros": 1732961678669405, "job": 1, "event": "recovery_finished"}
2024/11/30-18:14:38.670263 2a70 [db\version_set.cc:5417] Creating manifest 29
2024/11/30-18:14:38.690866 2a70 [file\delete_scheduler.cc:77] Deleted file D:\知识\java-knowledge\k-springcloud\material\nacos\data\protocol\raft\naming_persistent_service\log/000022.log immediately, rate_bytes_per_sec 0, total_trash_size 0 max_trash_db_ratio 0.250000
2024/11/30-18:14:38.691912 2a70 [db\db_impl\db_impl_open.cc:2150] SstFileManager instance 0000024414CF0400
2024/11/30-18:14:38.693316 2a70 DB pointer 0000024419B463C0
2024/11/30-18:14:38.694066 2738 [db\db_impl\db_impl.cc:1141] ------- DUMPING STATS -------
2024/11/30-18:14:38.694089 2738 [db\db_impl\db_impl.cc:1142] 
** DB Stats **
Uptime(secs): 0.0 total, 0.0 interval
Cumulative writes: 0 writes, 0 keys, 0 commit groups, 0.0 writes per commit group, ingest: 0.00 GB, 0.00 MB/s
Cumulative WAL: 0 writes, 0 syncs, 0.00 writes per sync, written: 0.00 GB, 0.00 MB/s
Cumulative stall: 00:00:0.000 H:M:S, 0.0 percent
Interval writes: 0 writes, 0 keys, 0 commit groups, 0.0 writes per commit group, ingest: 0.00 MB, 0.00 MB/s
Interval WAL: 0 writes, 0 syncs, 0.00 writes per sync, written: 0.00 GB, 0.00 MB/s
Interval stall: 00:00:0.000 H:M:S, 0.0 percent
Write Stall (count): write-buffer-manager-limit-stops: 0

** Compaction Stats [default] **
Level    Files   Size     Score Read(GB)  Rn(GB) Rnp1(GB) Write(GB) Wnew(GB) Moved(GB) W-Amp Rd(MB/s) Wr(MB/s) Comp(sec) CompMergeCPU(sec) Comp(cnt) Avg(sec) KeyIn KeyDrop Rblob(GB) Wblob(GB)
------------------------------------------------------------------------------------------------------------------------------------------------------------------------------------------------
  L0      4/0    4.57 KB   0.4      0.0     0.0      0.0       0.0      0.0       0.0   1.0      0.0      0.3      0.00              0.00         1    0.004       0      0       0.0       0.0
 Sum      4/0    4.57 KB   0.0      0.0     0.0      0.0       0.0      0.0       0.0   1.0      0.0      0.3      0.00              0.00         1    0.004       0      0       0.0       0.0
 Int      0/0    0.00 KB   0.0      0.0     0.0      0.0       0.0      0.0       0.0   1.0      0.0      0.3      0.00              0.00         1    0.004       0      0       0.0       0.0

** Compaction Stats [default] **
Priority    Files   Size     Score Read(GB)  Rn(GB) Rnp1(GB) Write(GB) Wnew(GB) Moved(GB) W-Amp Rd(MB/s) Wr(MB/s) Comp(sec) CompMergeCPU(sec) Comp(cnt) Avg(sec) KeyIn KeyDrop Rblob(GB) Wblob(GB)
---------------------------------------------------------------------------------------------------------------------------------------------------------------------------------------------------
User      0/0    0.00 KB   0.0      0.0     0.0      0.0       0.0      0.0       0.0   0.0      0.0      0.3      0.00              0.00         1    0.004       0      0       0.0       0.0

Blob file count: 0, total size: 0.0 GB, garbage size: 0.0 GB, space amp: 0.0

Uptime(secs): 0.0 total, 0.0 interval
Flush(GB): cumulative 0.000, interval 0.000
AddFile(GB): cumulative 0.000, interval 0.000
AddFile(Total Files): cumulative 0, interval 0
AddFile(L0 Files): cumulative 0, interval 0
AddFile(Keys): cumulative 0, interval 0
Cumulative compaction: 0.00 GB write, 0.02 MB/s write, 0.00 GB read, 0.00 MB/s read, 0.0 seconds
Interval compaction: 0.00 GB write, 0.02 MB/s write, 0.00 GB read, 0.00 MB/s read, 0.0 seconds
Write Stall (count): cf-l0-file-count-limit-delays-with-ongoing-compaction: 0, cf-l0-file-count-limit-stops-with-ongoing-compaction: 0, l0-file-count-limit-delays: 0, l0-file-count-limit-stops: 0, memtable-limit-delays: 0, memtable-limit-stops: 0, pending-compaction-bytes-delays: 0, pending-compaction-bytes-stops: 0, total-delays: 0, total-stops: 0
Block cache LRUCache@0000024415885AB0#10000 capacity: 8.00 MB seed: 1085131344 usage: 3.10 KB table_size: 256 occupancy: 16 collections: 1 last_copies: 1 last_secs: 4.4e-05 secs_since: 0
Block cache entry stats(count,size,portion): DataBlock(8,0.96 KB,0.0117302%) IndexBlock(7,0.78 KB,0.00948906%) Misc(1,0.00 KB,0%)

** File Read Latency Histogram By Level [default] **
** Level 0 read latency histogram (micros):
Count: 4 Average: 29.5000  StdDev: 13.05
Min: 16  Median: 22.0000  Max: 44
Percentiles: P50: 22.00 P75: 42.50 P99: 44.00 P99.9: 44.00 P99.99: 44.00
------------------------------------------------------
(      15,      22 ]        2  50.000%  50.000% ##########
(      34,      51 ]        2  50.000% 100.000% ##########


** Compaction Stats [Configuration] **
Level    Files   Size     Score Read(GB)  Rn(GB) Rnp1(GB) Write(GB) Wnew(GB) Moved(GB) W-Amp Rd(MB/s) Wr(MB/s) Comp(sec) CompMergeCPU(sec) Comp(cnt) Avg(sec) KeyIn KeyDrop Rblob(GB) Wblob(GB)
------------------------------------------------------------------------------------------------------------------------------------------------------------------------------------------------
  L0      4/0    4.89 KB   0.4      0.0     0.0      0.0       0.0      0.0       0.0   1.0      0.0      0.3      0.00              0.00         1    0.004       0      0       0.0       0.0
 Sum      4/0    4.89 KB   0.0      0.0     0.0      0.0       0.0      0.0       0.0   1.0      0.0      0.3      0.00              0.00         1    0.004       0      0       0.0       0.0
 Int      0/0    0.00 KB   0.0      0.0     0.0      0.0       0.0      0.0       0.0   1.0      0.0      0.3      0.00              0.00         1    0.004       0      0       0.0       0.0

** Compaction Stats [Configuration] **
Priority    Files   Size     Score Read(GB)  Rn(GB) Rnp1(GB) Write(GB) Wnew(GB) Moved(GB) W-Amp Rd(MB/s) Wr(MB/s) Comp(sec) CompMergeCPU(sec) Comp(cnt) Avg(sec) KeyIn KeyDrop Rblob(GB) Wblob(GB)
---------------------------------------------------------------------------------------------------------------------------------------------------------------------------------------------------
User      0/0    0.00 KB   0.0      0.0     0.0      0.0       0.0      0.0       0.0   0.0      0.0      0.3      0.00              0.00         1    0.004       0      0       0.0       0.0

Blob file count: 0, total size: 0.0 GB, garbage size: 0.0 GB, space amp: 0.0

Uptime(secs): 0.0 total, 0.0 interval
Flush(GB): cumulative 0.000, interval 0.000
AddFile(GB): cumulative 0.000, interval 0.000
AddFile(Total Files): cumulative 0, interval 0
AddFile(L0 Files): cumulative 0, interval 0
AddFile(Keys): cumulative 0, interval 0
Cumulative compaction: 0.00 GB write, 0.03 MB/s write, 0.00 GB read, 0.00 MB/s read, 0.0 seconds
Interval compaction: 0.00 GB write, 0.03 MB/s write, 0.00 GB read, 0.00 MB/s read, 0.0 seconds
Write Stall (count): cf-l0-file-count-limit-delays-with-ongoing-compaction: 0, cf-l0-file-count-limit-stops-with-ongoing-compaction: 0, l0-file-count-limit-delays: 0, l0-file-count-limit-stops: 0, memtable-limit-delays: 0, memtable-limit-stops: 0, pending-compaction-bytes-delays: 0, pending-compaction-bytes-stops: 0, total-delays: 0, total-stops: 0
Block cache LRUCache@0000024415885AB0#10000 capacity: 8.00 MB seed: 1085131344 usage: 3.10 KB table_size: 256 occupancy: 16 collections: 1 last_copies: 1 last_secs: 4.4e-05 secs_since: 0
Block cache entry stats(count,size,portion): DataBlock(8,0.96 KB,0.0117302%) IndexBlock(7,0.78 KB,0.00948906%) Misc(1,0.00 KB,0%)

** File Read Latency Histogram By Level [Configuration] **
** Level 0 read latency histogram (micros):
Count: 4 Average: 21.7500  StdDev: 4.26
Min: 18  Median: 19.6667  Max: 29
