2024/11/30-18:04:47.334423 9c0 RocksDB version: 8.8.1
2024/11/30-18:04:47.334541 9c0 Git sha 986b8b9f20893dec811d8ecdb97b6a47f20d322d
2024/11/30-18:04:47.334574 9c0 Compile date 2023-11-23 10:47:11
2024/11/30-18:04:47.334602 9c0 DB SUMMARY
2024/11/30-18:04:47.334634 9c0 Host name (Env):  LAPTOP-COHAQ1BR
2024/11/30-18:04:47.334654 9c0 DB Session ID:  24M1PEG2OKDAI3I6W9UJ
2024/11/30-18:04:47.335970 9c0 CURRENT file:  CURRENT
2024/11/30-18:04:47.336007 9c0 IDENTITY file:  IDENTITY
2024/11/30-18:04:47.336148 9c0 MANIFEST file:  MANIFEST-000005 size: 134 Bytes
2024/11/30-18:04:47.336185 9c0 SST files in D:\知识\java-knowledge\k-springcloud\material\nacos\data\protocol\raft\naming_persistent_service\log dir, Total Num: 0, files: 
2024/11/30-18:04:47.336208 9c0 Write Ahead Log file in D:\知识\java-knowledge\k-springcloud\material\nacos\data\protocol\raft\naming_persistent_service\log: 000004.log size: 285 ; 
2024/11/30-18:04:47.336398 9c0                         Options.error_if_exists: 0
2024/11/30-18:04:47.336411 9c0                       Options.create_if_missing: 1
2024/11/30-18:04:47.336419 9c0                         Options.paranoid_checks: 1
2024/11/30-18:04:47.336426 9c0             Options.flush_verify_memtable_count: 1
2024/11/30-18:04:47.336433 9c0          Options.compaction_verify_record_count: 1
2024/11/30-18:04:47.336440 9c0                               Options.track_and_verify_wals_in_manifest: 0
2024/11/30-18:04:47.336447 9c0        Options.verify_sst_unique_id_in_manifest: 1
2024/11/30-18:04:47.336454 9c0                                     Options.env: 00000190CBE1D7B0
2024/11/30-18:04:47.336462 9c0                                      Options.fs: WinFS
2024/11/30-18:04:47.336470 9c0                                Options.info_log: 00000190CD470620
2024/11/30-18:04:47.336477 9c0                Options.max_file_opening_threads: 16
2024/11/30-18:04:47.336485 9c0                              Options.statistics: 00000190CB8AD6A0
2024/11/30-18:04:47.336492 9c0                              Options.statistics stats level: 3
2024/11/30-18:04:47.336500 9c0                               Options.use_fsync: 0
2024/11/30-18:04:47.336507 9c0                       Options.max_log_file_size: 0
2024/11/30-18:04:47.336514 9c0                  Options.max_manifest_file_size: 1073741824
2024/11/30-18:04:47.336521 9c0                   Options.log_file_time_to_roll: 0
2024/11/30-18:04:47.336528 9c0                       Options.keep_log_file_num: 100
2024/11/30-18:04:47.336536 9c0                    Options.recycle_log_file_num: 0
2024/11/30-18:04:47.336543 9c0                         Options.allow_fallocate: 1
2024/11/30-18:04:47.336550 9c0                        Options.allow_mmap_reads: 0
2024/11/30-18:04:47.336557 9c0                       Options.allow_mmap_writes: 0
2024/11/30-18:04:47.336564 9c0                        Options.use_direct_reads: 0
2024/11/30-18:04:47.336571 9c0                        Options.use_direct_io_for_flush_and_compaction: 0
2024/11/30-18:04:47.336578 9c0          Options.create_missing_column_families: 1
2024/11/30-18:04:47.336585 9c0                              Options.db_log_dir: 
2024/11/30-18:04:47.336592 9c0                                 Options.wal_dir: 
2024/11/30-18:04:47.336599 9c0                Options.table_cache_numshardbits: 6
2024/11/30-18:04:47.336606 9c0                         Options.WAL_ttl_seconds: 0
2024/11/30-18:04:47.336613 9c0                       Options.WAL_size_limit_MB: 0
2024/11/30-18:04:47.336620 9c0                        Options.max_write_batch_group_size_bytes: 1048576
2024/11/30-18:04:47.336627 9c0             Options.manifest_preallocation_size: 4194304
2024/11/30-18:04:47.336634 9c0                     Options.is_fd_close_on_exec: 1
2024/11/30-18:04:47.336641 9c0                   Options.advise_random_on_open: 1
2024/11/30-18:04:47.336648 9c0                    Options.db_write_buffer_size: 0
2024/11/30-18:04:47.336655 9c0                    Options.write_buffer_manager: 00000190CBE1D6C0
2024/11/30-18:04:47.336662 9c0         Options.access_hint_on_compaction_start: 1
2024/11/30-18:04:47.336716 9c0           Options.random_access_max_buffer_size: 1048576
2024/11/30-18:04:47.336728 9c0                      Options.use_adaptive_mutex: 0
2024/11/30-18:04:47.336735 9c0                            Options.rate_limiter: 0000000000000000
2024/11/30-18:04:47.336743 9c0     Options.sst_file_manager.rate_bytes_per_sec: 0
2024/11/30-18:04:47.336750 9c0                       Options.wal_recovery_mode: 2
2024/11/30-18:04:47.336758 9c0                  Options.enable_thread_tracking: 0
2024/11/30-18:04:47.336765 9c0                  Options.enable_pipelined_write: 0
2024/11/30-18:04:47.336772 9c0                  Options.unordered_write: 0
2024/11/30-18:04:47.336779 9c0         Options.allow_concurrent_memtable_write: 1
2024/11/30-18:04:47.336786 9c0      Options.enable_write_thread_adaptive_yield: 1
2024/11/30-18:04:47.336792 9c0             Options.write_thread_max_yield_usec: 100
2024/11/30-18:04:47.336800 9c0            Options.write_thread_slow_yield_usec: 3
2024/11/30-18:04:47.336808 9c0                               Options.row_cache: None
2024/11/30-18:04:47.336815 9c0                              Options.wal_filter: None
2024/11/30-18:04:47.336822 9c0             Options.avoid_flush_during_recovery: 0
2024/11/30-18:04:47.336829 9c0             Options.allow_ingest_behind: 0
2024/11/30-18:04:47.336835 9c0             Options.two_write_queues: 0
2024/11/30-18:04:47.336842 9c0             Options.manual_wal_flush: 0
2024/11/30-18:04:47.336848 9c0             Options.wal_compression: 0
2024/11/30-18:04:47.336855 9c0             Options.atomic_flush: 0
2024/11/30-18:04:47.336862 9c0             Options.avoid_unnecessary_blocking_io: 0
2024/11/30-18:04:47.336869 9c0                 Options.persist_stats_to_disk: 0
2024/11/30-18:04:47.336876 9c0                 Options.write_dbid_to_manifest: 0
2024/11/30-18:04:47.336883 9c0                 Options.log_readahead_size: 0
2024/11/30-18:04:47.336890 9c0                 Options.file_checksum_gen_factory: Unknown
2024/11/30-18:04:47.336897 9c0                 Options.best_efforts_recovery: 0
2024/11/30-18:04:47.336904 9c0                Options.max_bgerror_resume_count: 2147483647
2024/11/30-18:04:47.336911 9c0            Options.bgerror_resume_retry_interval: 1000000
2024/11/30-18:04:47.336918 9c0             Options.allow_data_in_errors: 0
2024/11/30-18:04:47.336925 9c0             Options.db_host_id: __hostname__
2024/11/30-18:04:47.336932 9c0             Options.enforce_single_del_contracts: true
2024/11/30-18:04:47.336940 9c0             Options.max_background_jobs: 2
2024/11/30-18:04:47.336946 9c0             Options.max_background_compactions: -1
2024/11/30-18:04:47.336954 9c0             Options.max_subcompactions: 1
2024/11/30-18:04:47.336960 9c0             Options.avoid_flush_during_shutdown: 0
2024/11/30-18:04:47.336968 9c0           Options.writable_file_max_buffer_size: 1048576
2024/11/30-18:04:47.336976 9c0             Options.delayed_write_rate : 16777216
2024/11/30-18:04:47.336983 9c0             Options.max_total_wal_size: 1073741824
2024/11/30-18:04:47.336991 9c0             Options.delete_obsolete_files_period_micros: 21600000000
2024/11/30-18:04:47.336999 9c0                   Options.stats_dump_period_sec: 600
2024/11/30-18:04:47.337006 9c0                 Options.stats_persist_period_sec: 600
2024/11/30-18:04:47.337013 9c0                 Options.stats_history_buffer_size: 1048576
2024/11/30-18:04:47.337020 9c0                          Options.max_open_files: -1
2024/11/30-18:04:47.337027 9c0                          Options.bytes_per_sync: 0
2024/11/30-18:04:47.337035 9c0                      Options.wal_bytes_per_sync: 0
2024/11/30-18:04:47.337042 9c0                   Options.strict_bytes_per_sync: 0
2024/11/30-18:04:47.337049 9c0       Options.compaction_readahead_size: 2097152
2024/11/30-18:04:47.337057 9c0                  Options.max_background_flushes: -1
2024/11/30-18:04:47.337064 9c0 Options.daily_offpeak_time_utc: 
2024/11/30-18:04:47.337081 9c0 Compression algorithms supported:
2024/11/30-18:04:47.337098 9c0 	kZSTD supported: 1
2024/11/30-18:04:47.337149 9c0 	kSnappyCompression supported: 1
2024/11/30-18:04:47.337160 9c0 	kBZip2Compression supported: 0
2024/11/30-18:04:47.337167 9c0 	kZlibCompression supported: 1
2024/11/30-18:04:47.337174 9c0 	kLZ4Compression supported: 1
2024/11/30-18:04:47.337181 9c0 	kXpressCompression supported: 0
2024/11/30-18:04:47.337188 9c0 	kLZ4HCCompression supported: 1
2024/11/30-18:04:47.337194 9c0 	kZSTDNotFinalCompression supported: 1
2024/11/30-18:04:47.337212 9c0 Fast CRC32 supported: Not supported on x86
2024/11/30-18:04:47.337220 9c0 DMutex implementation: std::mutex
2024/11/30-18:04:47.339897 9c0 [db\version_set.cc:5906] Recovering from manifest file: D:\知识\java-knowledge\k-springcloud\material\nacos\data\protocol\raft\naming_persistent_service\log/MANIFEST-000005
2024/11/30-18:04:47.340584 9c0 [db\column_family.cc:618] --------------- Options for column family [default]:
2024/11/30-18:04:47.340609 9c0               Options.comparator: leveldb.BytewiseComparator
2024/11/30-18:04:47.340617 9c0           Options.merge_operator: StringAppendOperator
2024/11/30-18:04:47.340625 9c0        Options.compaction_filter: None
2024/11/30-18:04:47.340632 9c0        Options.compaction_filter_factory: None
2024/11/30-18:04:47.340639 9c0  Options.sst_partitioner_factory: None
2024/11/30-18:04:47.340646 9c0         Options.memtable_factory: SkipListFactory
2024/11/30-18:04:47.340653 9c0            Options.table_factory: BlockBasedTable
2024/11/30-18:04:47.340711 9c0            table_factory options:   flush_block_policy_factory: FlushBlockBySizePolicyFactory (00000190CE78E310)
  cache_index_and_filter_blocks: 0
  cache_index_and_filter_blocks_with_high_priority: 1
  pin_l0_filter_and_index_blocks_in_cache: 1
  pin_top_level_index_and_filter: 1
  index_type: 2
  data_block_index_type: 0
  index_shortening: 1
  data_block_hash_table_util_ratio: 0.750000
  checksum: 4
  no_block_cache: 0
  block_cache: 00000190CBE1E6C0
  block_cache_name: LRUCache
  block_cache_options:
    capacity : 8388608
    num_shard_bits : 4
    strict_capacity_limit : 0
    memory_allocator : None
    high_pri_pool_ratio: 0.500
    low_pri_pool_ratio: 0.000
  persistent_cache: 0000000000000000
  block_size: 4096
  block_size_deviation: 10
  block_restart_interval: 16
  index_block_restart_interval: 1
  metadata_block_size: 8192
  partition_filters: 1
  use_delta_encoding: 1
  filter_policy: nullptr
  whole_key_filtering: 1
  verify_compression: 0
  read_amp_bytes_per_bit: 0
  format_version: 5
  enable_index_compression: 1
  block_align: 0
  max_auto_readahead_size: 262144
  prepopulate_block_cache: 0
  initial_auto_readahead_size: 8192
  num_file_reads_for_auto_readahead: 2
2024/11/30-18:04:47.340721 9c0        Options.write_buffer_size: 67108864
2024/11/30-18:04:47.340729 9c0  Options.max_write_buffer_number: 3
2024/11/30-18:04:47.340736 9c0          Options.compression: Snappy
2024/11/30-18:04:47.340743 9c0                  Options.bottommost_compression: Disabled
2024/11/30-18:04:47.340750 9c0       Options.prefix_extractor: rocksdb.FixedPrefix
2024/11/30-18:04:47.340757 9c0   Options.memtable_insert_with_hint_prefix_extractor: nullptr
2024/11/30-18:04:47.340764 9c0             Options.num_levels: 7
2024/11/30-18:04:47.340771 9c0        Options.min_write_buffer_number_to_merge: 1
2024/11/30-18:04:47.340778 9c0     Options.max_write_buffer_number_to_maintain: 0
2024/11/30-18:04:47.340784 9c0     Options.max_write_buffer_size_to_maintain: 0
2024/11/30-18:04:47.340793 9c0            Options.bottommost_compression_opts.window_bits: -14
2024/11/30-18:04:47.340800 9c0                  Options.bottommost_compression_opts.level: 32767
2024/11/30-18:04:47.340815 9c0               Options.bottommost_compression_opts.strategy: 0
2024/11/30-18:04:47.340828 9c0         Options.bottommost_compression_opts.max_dict_bytes: 0
2024/11/30-18:04:47.340835 9c0         Options.bottommost_compression_opts.zstd_max_train_bytes: 0
2024/11/30-18:04:47.340843 9c0         Options.bottommost_compression_opts.parallel_threads: 1
2024/11/30-18:04:47.340850 9c0                  Options.bottommost_compression_opts.enabled: false
2024/11/30-18:04:47.340861 9c0         Options.bottommost_compression_opts.max_dict_buffer_bytes: 0
2024/11/30-18:04:47.340870 9c0         Options.bottommost_compression_opts.use_zstd_dict_trainer: true
2024/11/30-18:04:47.340878 9c0            Options.compression_opts.window_bits: -14
2024/11/30-18:04:47.340885 9c0                  Options.compression_opts.level: 32767
2024/11/30-18:04:47.340892 9c0               Options.compression_opts.strategy: 0
2024/11/30-18:04:47.340899 9c0         Options.compression_opts.max_dict_bytes: 0
2024/11/30-18:04:47.340906 9c0         Options.compression_opts.zstd_max_train_bytes: 0
2024/11/30-18:04:47.340912 9c0         Options.compression_opts.use_zstd_dict_trainer: true
2024/11/30-18:04:47.340919 9c0         Options.compression_opts.parallel_threads: 1
2024/11/30-18:04:47.340926 9c0                  Options.compression_opts.enabled: false
2024/11/30-18:04:47.340933 9c0         Options.compression_opts.max_dict_buffer_bytes: 0
2024/11/30-18:04:47.340940 9c0      Options.level0_file_num_compaction_trigger: 10
2024/11/30-18:04:47.340947 9c0          Options.level0_slowdown_writes_trigger: 20
2024/11/30-18:04:47.340954 9c0              Options.level0_stop_writes_trigger: 40
2024/11/30-18:04:47.340961 9c0                   Options.target_file_size_base: 67108864
2024/11/30-18:04:47.340968 9c0             Options.target_file_size_multiplier: 1
2024/11/30-18:04:47.340975 9c0                Options.max_bytes_for_level_base: 536870912
2024/11/30-18:04:47.340982 9c0 Options.level_compaction_dynamic_level_bytes: 1
2024/11/30-18:04:47.340989 9c0          Options.max_bytes_for_level_multiplier: 10.000000
2024/11/30-18:04:47.340997 9c0 Options.max_bytes_for_level_multiplier_addtl[0]: 1
2024/11/30-18:04:47.341005 9c0 Options.max_bytes_for_level_multiplier_addtl[1]: 1
2024/11/30-18:04:47.341012 9c0 Options.max_bytes_for_level_multiplier_addtl[2]: 1
2024/11/30-18:04:47.341019 9c0 Options.max_bytes_for_level_multiplier_addtl[3]: 1
2024/11/30-18:04:47.341025 9c0 Options.max_bytes_for_level_multiplier_addtl[4]: 1
2024/11/30-18:04:47.341032 9c0 Options.max_bytes_for_level_multiplier_addtl[5]: 1
2024/11/30-18:04:47.341039 9c0 Options.max_bytes_for_level_multiplier_addtl[6]: 1
2024/11/30-18:04:47.341046 9c0       Options.max_sequential_skip_in_iterations: 8
2024/11/30-18:04:47.341053 9c0                    Options.max_compaction_bytes: 1677721600
2024/11/30-18:04:47.341060 9c0   Options.ignore_max_compaction_bytes_for_input: true
2024/11/30-18:04:47.341067 9c0                        Options.arena_block_size: 1048576
2024/11/30-18:04:47.341074 9c0   Options.soft_pending_compaction_bytes_limit: 68719476736
2024/11/30-18:04:47.341081 9c0   Options.hard_pending_compaction_bytes_limit: 274877906944
2024/11/30-18:04:47.341089 9c0                Options.disable_auto_compactions: 0
2024/11/30-18:04:47.341096 9c0                        Options.compaction_style: kCompactionStyleLevel
2024/11/30-18:04:47.341105 9c0                          Options.compaction_pri: kMinOverlappingRatio
2024/11/30-18:04:47.341112 9c0 Options.compaction_options_universal.size_ratio: 1
2024/11/30-18:04:47.341119 9c0 Options.compaction_options_universal.min_merge_width: 2
2024/11/30-18:04:47.341126 9c0 Options.compaction_options_universal.max_merge_width: 4294967295
2024/11/30-18:04:47.341133 9c0 Options.compaction_options_universal.max_size_amplification_percent: 200
2024/11/30-18:04:47.341140 9c0 Options.compaction_options_universal.compression_size_percent: -1
2024/11/30-18:04:47.341148 9c0 Options.compaction_options_universal.stop_style: kCompactionStopStyleTotalSize
2024/11/30-18:04:47.341155 9c0 Options.compaction_options_fifo.max_table_files_size: 1073741824
2024/11/30-18:04:47.341163 9c0 Options.compaction_options_fifo.allow_compaction: 0
2024/11/30-18:04:47.341173 9c0                   Options.table_properties_collectors: 
2024/11/30-18:04:47.341180 9c0                   Options.inplace_update_support: 0
2024/11/30-18:04:47.341187 9c0                 Options.inplace_update_num_locks: 10000
2024/11/30-18:04:47.341265 9c0               Options.memtable_prefix_bloom_size_ratio: 0.125000
2024/11/30-18:04:47.341277 9c0               Options.memtable_whole_key_filtering: 0
2024/11/30-18:04:47.341284 9c0   Options.memtable_huge_page_size: 0
2024/11/30-18:04:47.341291 9c0                           Options.bloom_locality: 0
2024/11/30-18:04:47.341298 9c0                    Options.max_successive_merges: 0
2024/11/30-18:04:47.341305 9c0                Options.optimize_filters_for_hits: 0
2024/11/30-18:04:47.341312 9c0                Options.paranoid_file_checks: 0
2024/11/30-18:04:47.341319 9c0                Options.force_consistency_checks: 1
2024/11/30-18:04:47.341326 9c0                Options.report_bg_io_stats: 0
2024/11/30-18:04:47.341333 9c0                               Options.ttl: 2592000
2024/11/30-18:04:47.341340 9c0          Options.periodic_compaction_seconds: 0
2024/11/30-18:04:47.341347 9c0                        Options.default_temperature: kUnknown
2024/11/30-18:04:47.341355 9c0  Options.preclude_last_level_data_seconds: 0
2024/11/30-18:04:47.341362 9c0    Options.preserve_internal_time_seconds: 0
2024/11/30-18:04:47.341369 9c0                       Options.enable_blob_files: false
2024/11/30-18:04:47.341376 9c0                           Options.min_blob_size: 0
2024/11/30-18:04:47.341383 9c0                          Options.blob_file_size: 268435456
2024/11/30-18:04:47.341390 9c0                   Options.blob_compression_type: NoCompression
2024/11/30-18:04:47.341397 9c0          Options.enable_blob_garbage_collection: false
2024/11/30-18:04:47.341404 9c0      Options.blob_garbage_collection_age_cutoff: 0.250000
2024/11/30-18:04:47.341413 9c0 Options.blob_garbage_collection_force_threshold: 1.000000
2024/11/30-18:04:47.341421 9c0          Options.blob_compaction_readahead_size: 0
2024/11/30-18:04:47.341428 9c0                Options.blob_file_starting_level: 0
2024/11/30-18:04:47.341435 9c0         Options.experimental_mempurge_threshold: 0.000000
2024/11/30-18:04:47.341443 9c0            Options.memtable_max_range_deletions: 0
2024/11/30-18:04:47.344257 9c0 [db\column_family.cc:618] --------------- Options for column family [Configuration]:
2024/11/30-18:04:47.344284 9c0               Options.comparator: leveldb.BytewiseComparator
2024/11/30-18:04:47.344292 9c0           Options.merge_operator: StringAppendOperator
2024/11/30-18:04:47.344299 9c0        Options.compaction_filter: None
2024/11/30-18:04:47.344306 9c0        Options.compaction_filter_factory: None
2024/11/30-18:04:47.344313 9c0  Options.sst_partitioner_factory: None
2024/11/30-18:04:47.344320 9c0         Options.memtable_factory: SkipListFactory
2024/11/30-18:04:47.344327 9c0            Options.table_factory: BlockBasedTable
2024/11/30-18:04:47.344392 9c0            table_factory options:   flush_block_policy_factory: FlushBlockBySizePolicyFactory (00000190CE78E310)
  cache_index_and_filter_blocks: 0
  cache_index_and_filter_blocks_with_high_priority: 1
  pin_l0_filter_and_index_blocks_in_cache: 1
  pin_top_level_index_and_filter: 1
  index_type: 2
  data_block_index_type: 0
  index_shortening: 1
  data_block_hash_table_util_ratio: 0.750000
  checksum: 4
  no_block_cache: 0
  block_cache: 00000190CBE1E6C0
  block_cache_name: LRUCache
  block_cache_options:
    capacity : 8388608
    num_shard_bits : 4
    strict_capacity_limit : 0
    memory_allocator : None
    high_pri_pool_ratio: 0.500
    low_pri_pool_ratio: 0.000
  persistent_cache: 0000000000000000
  block_size: 4096
  block_size_deviation: 10
  block_restart_interval: 16
  index_block_restart_interval: 1
  metadata_block_size: 8192
  partition_filters: 1
  use_delta_encoding: 1
  filter_policy: nullptr
  whole_key_filtering: 1
  verify_compression: 0
  read_amp_bytes_per_bit: 0
  format_version: 5
  enable_index_compression: 1
  block_align: 0
  max_auto_readahead_size: 262144
  prepopulate_block_cache: 0
  initial_auto_readahead_size: 8192
  num_file_reads_for_auto_readahead: 2
2024/11/30-18:04:47.344403 9c0        Options.write_buffer_size: 67108864
2024/11/30-18:04:47.344416 9c0  Options.max_write_buffer_number: 3
2024/11/30-18:04:47.344425 9c0          Options.compression: Snappy
2024/11/30-18:04:47.344432 9c0                  Options.bottommost_compression: Disabled
2024/11/30-18:04:47.344439 9c0       Options.prefix_extractor: rocksdb.FixedPrefix
2024/11/30-18:04:47.344446 9c0   Options.memtable_insert_with_hint_prefix_extractor: nullptr
2024/11/30-18:04:47.344453 9c0             Options.num_levels: 7
2024/11/30-18:04:47.344460 9c0        Options.min_write_buffer_number_to_merge: 1
2024/11/30-18:04:47.344467 9c0     Options.max_write_buffer_number_to_maintain: 0
2024/11/30-18:04:47.344474 9c0     Options.max_write_buffer_size_to_maintain: 0
2024/11/30-18:04:47.344482 9c0            Options.bottommost_compression_opts.window_bits: -14
2024/11/30-18:04:47.344489 9c0                  Options.bottommost_compression_opts.level: 32767
2024/11/30-18:04:47.344496 9c0               Options.bottommost_compression_opts.strategy: 0
2024/11/30-18:04:47.344503 9c0         Options.bottommost_compression_opts.max_dict_bytes: 0
2024/11/30-18:04:47.344510 9c0         Options.bottommost_compression_opts.zstd_max_train_bytes: 0
2024/11/30-18:04:47.344517 9c0         Options.bottommost_compression_opts.parallel_threads: 1
2024/11/30-18:04:47.344525 9c0                  Options.bottommost_compression_opts.enabled: false
2024/11/30-18:04:47.344533 9c0         Options.bottommost_compression_opts.max_dict_buffer_bytes: 0
2024/11/30-18:04:47.344540 9c0         Options.bottommost_compression_opts.use_zstd_dict_trainer: true
2024/11/30-18:04:47.344548 9c0            Options.compression_opts.window_bits: -14
2024/11/30-18:04:47.344555 9c0                  Options.compression_opts.level: 32767
2024/11/30-18:04:47.344562 9c0               Options.compression_opts.strategy: 0
2024/11/30-18:04:47.344569 9c0         Options.compression_opts.max_dict_bytes: 0
2024/11/30-18:04:47.344576 9c0         Options.compression_opts.zstd_max_train_bytes: 0
2024/11/30-18:04:47.344583 9c0         Options.compression_opts.use_zstd_dict_trainer: true
2024/11/30-18:04:47.344590 9c0         Options.compression_opts.parallel_threads: 1
2024/11/30-18:04:47.344598 9c0                  Options.compression_opts.enabled: false
2024/11/30-18:04:47.344605 9c0         Options.compression_opts.max_dict_buffer_bytes: 0
2024/11/30-18:04:47.344612 9c0      Options.level0_file_num_compaction_trigger: 10
2024/11/30-18:04:47.344619 9c0          Options.level0_slowdown_writes_trigger: 20
2024/11/30-18:04:47.344626 9c0              Options.level0_stop_writes_trigger: 40
2024/11/30-18:04:47.344633 9c0                   Options.target_file_size_base: 67108864
2024/11/30-18:04:47.344640 9c0             Options.target_file_size_multiplier: 1
2024/11/30-18:04:47.344648 9c0                Options.max_bytes_for_level_base: 536870912
2024/11/30-18:04:47.344655 9c0 Options.level_compaction_dynamic_level_bytes: 1
2024/11/30-18:04:47.344662 9c0          Options.max_bytes_for_level_multiplier: 10.000000
2024/11/30-18:04:47.344671 9c0 Options.max_bytes_for_level_multiplier_addtl[0]: 1
2024/11/30-18:04:47.344678 9c0 Options.max_bytes_for_level_multiplier_addtl[1]: 1
2024/11/30-18:04:47.344685 9c0 Options.max_bytes_for_level_multiplier_addtl[2]: 1
2024/11/30-18:04:47.344692 9c0 Options.max_bytes_for_level_multiplier_addtl[3]: 1
2024/11/30-18:04:47.344699 9c0 Options.max_bytes_for_level_multiplier_addtl[4]: 1
2024/11/30-18:04:47.344707 9c0 Options.max_bytes_for_level_multiplier_addtl[5]: 1
2024/11/30-18:04:47.344714 9c0 Options.max_bytes_for_level_multiplier_addtl[6]: 1
2024/11/30-18:04:47.344722 9c0       Options.max_sequential_skip_in_iterations: 8
2024/11/30-18:04:47.344728 9c0                    Options.max_compaction_bytes: 1677721600
2024/11/30-18:04:47.344736 9c0   Options.ignore_max_compaction_bytes_for_input: true
2024/11/30-18:04:47.344742 9c0                        Options.arena_block_size: 1048576
2024/11/30-18:04:47.344750 9c0   Options.soft_pending_compaction_bytes_limit: 68719476736
2024/11/30-18:04:47.344757 9c0   Options.hard_pending_compaction_bytes_limit: 274877906944
2024/11/30-18:04:47.344766 9c0                Options.disable_auto_compactions: 0
2024/11/30-18:04:47.344777 9c0                        Options.compaction_style: kCompactionStyleLevel
2024/11/30-18:04:47.344786 9c0                          Options.compaction_pri: kMinOverlappingRatio
2024/11/30-18:04:47.344793 9c0 Options.compaction_options_universal.size_ratio: 1
2024/11/30-18:04:47.344800 9c0 Options.compaction_options_universal.min_merge_width: 2
2024/11/30-18:04:47.344806 9c0 Options.compaction_options_universal.max_merge_width: 4294967295
2024/11/30-18:04:47.344814 9c0 Options.compaction_options_universal.max_size_amplification_percent: 200
2024/11/30-18:04:47.344821 9c0 Options.compaction_options_universal.compression_size_percent: -1
2024/11/30-18:04:47.345171 9c0 Options.compaction_options_universal.stop_style: kCompactionStopStyleTotalSize
2024/11/30-18:04:47.345232 9c0 Options.compaction_options_fifo.max_table_files_size: 1073741824
2024/11/30-18:04:47.345241 9c0 Options.compaction_options_fifo.allow_compaction: 0
2024/11/30-18:04:47.345254 9c0                   Options.table_properties_collectors: 
2024/11/30-18:04:47.345261 9c0                   Options.inplace_update_support: 0
2024/11/30-18:04:47.345268 9c0                 Options.inplace_update_num_locks: 10000
2024/11/30-18:04:47.345275 9c0               Options.memtable_prefix_bloom_size_ratio: 0.125000
2024/11/30-18:04:47.345297 9c0               Options.memtable_whole_key_filtering: 0
2024/11/30-18:04:47.345306 9c0   Options.memtable_huge_page_size: 0
2024/11/30-18:04:47.345313 9c0                           Options.bloom_locality: 0
2024/11/30-18:04:47.345320 9c0                    Options.max_successive_merges: 0
2024/11/30-18:04:47.345327 9c0                Options.optimize_filters_for_hits: 0
2024/11/30-18:04:47.345333 9c0                Options.paranoid_file_checks: 0
2024/11/30-18:04:47.345340 9c0                Options.force_consistency_checks: 1
2024/11/30-18:04:47.345347 9c0                Options.report_bg_io_stats: 0
2024/11/30-18:04:47.345353 9c0                               Options.ttl: 2592000
2024/11/30-18:04:47.345360 9c0          Options.periodic_compaction_seconds: 0
2024/11/30-18:04:47.345368 9c0                        Options.default_temperature: kUnknown
2024/11/30-18:04:47.345375 9c0  Options.preclude_last_level_data_seconds: 0
2024/11/30-18:04:47.345382 9c0    Options.preserve_internal_time_seconds: 0
2024/11/30-18:04:47.345388 9c0                       Options.enable_blob_files: false
2024/11/30-18:04:47.345395 9c0                           Options.min_blob_size: 0
2024/11/30-18:04:47.345402 9c0                          Options.blob_file_size: 268435456
2024/11/30-18:04:47.345409 9c0                   Options.blob_compression_type: NoCompression
2024/11/30-18:04:47.345416 9c0          Options.enable_blob_garbage_collection: false
2024/11/30-18:04:47.345423 9c0      Options.blob_garbage_collection_age_cutoff: 0.250000
2024/11/30-18:04:47.345443 9c0 Options.blob_garbage_collection_force_threshold: 1.000000
2024/11/30-18:04:47.345462 9c0          Options.blob_compaction_readahead_size: 0
2024/11/30-18:04:47.345471 9c0                Options.blob_file_starting_level: 0
2024/11/30-18:04:47.345478 9c0         Options.experimental_mempurge_threshold: 0.000000
2024/11/30-18:04:47.345486 9c0            Options.memtable_max_range_deletions: 0
2024/11/30-18:04:47.351287 9c0 [db\version_set.cc:5957] Recovered from manifest file:D:\知识\java-knowledge\k-springcloud\material\nacos\data\protocol\raft\naming_persistent_service\log/MANIFEST-000005 succeeded,manifest_file_number is 5, next_file_number is 7, last_sequence is 0, log_number is 4,prev_log_number is 0,max_column_family is 1,min_log_number_to_keep is 0
2024/11/30-18:04:47.351315 9c0 [db\version_set.cc:5966] Column family [default] (ID 0), log number is 0
2024/11/30-18:04:47.351324 9c0 [db\version_set.cc:5966] Column family [Configuration] (ID 1), log number is 4
2024/11/30-18:04:47.352211 9c0 [db\db_impl\db_impl_open.cc:646] DB ID: 0c69524f-ae40-11ef-aece-8032539efea9
2024/11/30-18:04:47.355174 9c0 EVENT_LOG_v1 {"time_micros": 1732961087354912, "job": 1, "event": "recovery_started", "wal_files": [4]}
2024/11/30-18:04:47.355221 9c0 [db\db_impl\db_impl_open.cc:1145] Recovering log #4 mode 2
2024/11/30-18:04:47.361065 9c0 EVENT_LOG_v1 {"time_micros": 1732961087360976, "cf_name": "default", "job": 1, "event": "table_file_creation", "file_number": 8, "file_size": 1063, "file_checksum": "", "file_checksum_func_name": "Unknown", "smallest_seqno": 5, "largest_seqno": 5, "table_properties": {"data_size": 0, "index_size": 13, "index_partitions": 0, "top_level_index_size": 8, "index_key_is_user_key": 1, "index_value_is_delta_encoded": 1, "filter_size": 0, "raw_key_size": 16, "raw_average_key_size": 16, "raw_value_size": 8, "raw_average_value_size": 8, "num_data_blocks": 0, "num_entries": 1, "num_filter_entries": 0, "num_deletions": 1, "num_merge_operands": 0, "num_range_deletions": 1, "format_version": 0, "fixed_key_len": 0, "filter_policy": "", "column_family_name": "default", "column_family_id": 0, "comparator": "leveldb.BytewiseComparator", "user_defined_timestamps_persisted": 1, "merge_operator": "StringAppendOperator", "prefix_extractor_name": "rocksdb.FixedPrefix.8", "property_collectors": "[]", "compression": "Snappy", "compression_options": "window_bits=-14; level=32767; strategy=0; max_dict_bytes=0; zstd_max_train_bytes=0; enabled=0; max_dict_buffer_bytes=0; use_zstd_dict_trainer=1; ", "creation_time": 1732961087, "oldest_key_time": 0, "file_creation_time": 0, "slow_compression_estimated_data_size": 0, "fast_compression_estimated_data_size": 0, "db_id": "0c69524f-ae40-11ef-aece-8032539efea9", "db_session_id": "24M1PEG2OKDAI3I6W9UJ", "orig_file_number": 8, "seqno_to_time_mapping": "N/A"}}
2024/11/30-18:04:47.367480 9c0 EVENT_LOG_v1 {"time_micros": 1732961087367429, "cf_name": "Configuration", "job": 1, "event": "table_file_creation", "file_number": 9, "file_size": 1208, "file_checksum": "", "file_checksum_func_name": "Unknown", "smallest_seqno": 4, "largest_seqno": 6, "table_properties": {"data_size": 44, "index_size": 65, "index_partitions": 1, "top_level_index_size": 30, "index_key_is_user_key": 1, "index_value_is_delta_encoded": 1, "filter_size": 0, "raw_key_size": 42, "raw_average_key_size": 21, "raw_value_size": 16, "raw_average_value_size": 8, "num_data_blocks": 1, "num_entries": 2, "num_filter_entries": 0, "num_deletions": 1, "num_merge_operands": 0, "num_range_deletions": 1, "format_version": 0, "fixed_key_len": 0, "filter_policy": "", "column_family_name": "Configuration", "column_family_id": 1, "comparator": "leveldb.BytewiseComparator", "user_defined_timestamps_persisted": 1, "merge_operator": "StringAppendOperator", "prefix_extractor_name": "rocksdb.FixedPrefix.8", "property_collectors": "[]", "compression": "Snappy", "compression_options": "window_bits=-14; level=32767; strategy=0; max_dict_bytes=0; zstd_max_train_bytes=0; enabled=0; max_dict_buffer_bytes=0; use_zstd_dict_trainer=1; ", "creation_time": 1732961087, "oldest_key_time": 0, "file_creation_time": 0, "slow_compression_estimated_data_size": 0, "fast_compression_estimated_data_size": 0, "db_id": "0c69524f-ae40-11ef-aece-8032539efea9", "db_session_id": "24M1PEG2OKDAI3I6W9UJ", "orig_file_number": 9, "seqno_to_time_mapping": "N/A"}}
2024/11/30-18:04:47.371680 9c0 EVENT_LOG_v1 {"time_micros": 1732961087371668, "job": 1, "event": "recovery_finished"}
2024/11/30-18:04:47.372563 9c0 [db\version_set.cc:5417] Creating manifest 11
2024/11/30-18:04:47.424372 9c0 [file\delete_scheduler.cc:77] Deleted file D:\知识\java-knowledge\k-springcloud\material\nacos\data\protocol\raft\naming_persistent_service\log/000004.log immediately, rate_bytes_per_sec 0, total_trash_size 0 max_trash_db_ratio 0.250000
2024/11/30-18:04:47.425151 9c0 [db\db_impl\db_impl_open.cc:2150] SstFileManager instance 00000190C82E5C40
2024/11/30-18:04:47.426023 9c0 DB pointer 00000190CF705800
2024/11/30-18:04:47.426710 714 [db\db_impl\db_impl.cc:1141] ------- DUMPING STATS -------
2024/11/30-18:04:47.426734 714 [db\db_impl\db_impl.cc:1142] 
** DB Stats **
Uptime(secs): 0.1 total, 0.1 interval
Cumulative writes: 0 writes, 0 keys, 0 commit groups, 0.0 writes per commit group, ingest: 0.00 GB, 0.00 MB/s
Cumulative WAL: 0 writes, 0 syncs, 0.00 writes per sync, written: 0.00 GB, 0.00 MB/s
Cumulative stall: 00:00:0.000 H:M:S, 0.0 percent
Interval writes: 0 writes, 0 keys, 0 commit groups, 0.0 writes per commit group, ingest: 0.00 MB, 0.00 MB/s
Interval WAL: 0 writes, 0 syncs, 0.00 writes per sync, written: 0.00 GB, 0.00 MB/s
Interval stall: 00:00:0.000 H:M:S, 0.0 percent
Write Stall (count): write-buffer-manager-limit-stops: 0

** Compaction Stats [default] **
Level    Files   Size     Score Read(GB)  Rn(GB) Rnp1(GB) Write(GB) Wnew(GB) Moved(GB) W-Amp Rd(MB/s) Wr(MB/s) Comp(sec) CompMergeCPU(sec) Comp(cnt) Avg(sec) KeyIn KeyDrop Rblob(GB) Wblob(GB)
------------------------------------------------------------------------------------------------------------------------------------------------------------------------------------------------
  L0      1/0    1.04 KB   0.1      0.0     0.0      0.0       0.0      0.0       0.0   1.0      0.0      0.2      0.00              0.00         1    0.005       0      0       0.0       0.0
 Sum      1/0    1.04 KB   0.0      0.0     0.0      0.0       0.0      0.0       0.0   1.0      0.0      0.2      0.00              0.00         1    0.005       0      0       0.0       0.0
 Int      0/0    0.00 KB   0.0      0.0     0.0      0.0       0.0      0.0       0.0   1.0      0.0      0.2      0.00              0.00         1    0.005       0      0       0.0       0.0

** Compaction Stats [default] **
Priority    Files   Size     Score Read(GB)  Rn(GB) Rnp1(GB) Write(GB) Wnew(GB) Moved(GB) W-Amp Rd(MB/s) Wr(MB/s) Comp(sec) CompMergeCPU(sec) Comp(cnt) Avg(sec) KeyIn KeyDrop Rblob(GB) Wblob(GB)
---------------------------------------------------------------------------------------------------------------------------------------------------------------------------------------------------
User      0/0    0.00 KB   0.0      0.0     0.0      0.0       0.0      0.0       0.0   0.0      0.0      0.2      0.00              0.00         1    0.005       0      0       0.0       0.0

Blob file count: 0, total size: 0.0 GB, garbage size: 0.0 GB, space amp: 0.0

Uptime(secs): 0.1 total, 0.1 interval
Flush(GB): cumulative 0.000, interval 0.000
AddFile(GB): cumulative 0.000, interval 0.000
AddFile(Total Files): cumulative 0, interval 0
AddFile(L0 Files): cumulative 0, interval 0
AddFile(Keys): cumulative 0, interval 0
Cumulative compaction: 0.00 GB write, 0.01 MB/s write, 0.00 GB read, 0.00 MB/s read, 0.0 seconds
Interval compaction: 0.00 GB write, 0.01 MB/s write, 0.00 GB read, 0.00 MB/s read, 0.0 seconds
Write Stall (count): cf-l0-file-count-limit-delays-with-ongoing-compaction: 0, cf-l0-file-count-limit-stops-with-ongoing-compaction: 0, l0-file-count-limit-delays: 0, l0-file-count-limit-stops: 0, memtable-limit-delays: 0, memtable-limit-stops: 0, pending-compaction-bytes-delays: 0, pending-compaction-bytes-stops: 0, total-delays: 0, total-stops: 0
Block cache LRUCache@00000190CBE1E6C0#16032 capacity: 8.00 MB seed: 1085131344 usage: 0.70 KB table_size: 256 occupancy: 4 collections: 1 last_copies: 1 last_secs: 4.6e-05 secs_since: 0
Block cache entry stats(count,size,portion): DataBlock(2,0.24 KB,0.00293255%) IndexBlock(1,0.12 KB,0.00140667%) Misc(1,0.00 KB,0%)

** File Read Latency Histogram By Level [default] **
** Level 0 read latency histogram (micros):
Count: 1 Average: 34.0000  StdDev: 0.00
Min: 34  Median: 34.0000  Max: 34
Percentiles: P50: 34.00 P75: 34.00 P99: 34.00 P99.9: 34.00 P99.99: 34.00
------------------------------------------------------
(      22,      34 ]        1 100.000% 100.000% ####################


** Compaction Stats [Configuration] **
Level    Files   Size     Score Read(GB)  Rn(GB) Rnp1(GB) Write(GB) Wnew(GB) Moved(GB) W-Amp Rd(MB/s) Wr(MB/s) Comp(sec) CompMergeCPU(sec) Comp(cnt) Avg(sec) KeyIn KeyDrop Rblob(GB) Wblob(GB)
------------------------------------------------------------------------------------------------------------------------------------------------------------------------------------------------
  L0      1/0    1.18 KB   0.1      0.0     0.0      0.0       0.0      0.0       0.0   1.0      0.0      0.3      0.00              0.00         1    0.004       0      0       0.0       0.0
 Sum      1/0    1.18 KB   0.0      0.0     0.0      0.0       0.0      0.0       0.0   1.0      0.0      0.3      0.00              0.00         1    0.004       0      0       0.0       0.0
 Int      0/0    0.00 KB   0.0      0.0     0.0      0.0       0.0      0.0       0.0   1.0      0.0      0.3      0.00              0.00         1    0.004       0      0       0.0       0.0

** Compaction Stats [Configuration] **
Priority    Files   Size     Score Read(GB)  Rn(GB) Rnp1(GB) Write(GB) Wnew(GB) Moved(GB) W-Amp Rd(MB/s) Wr(MB/s) Comp(sec) CompMergeCPU(sec) Comp(cnt) Avg(sec) KeyIn KeyDrop Rblob(GB) Wblob(GB)
---------------------------------------------------------------------------------------------------------------------------------------------------------------------------------------------------
User      0/0    0.00 KB   0.0      0.0     0.0      0.0       0.0      0.0       0.0   0.0      0.0      0.3      0.00              0.00         1    0.004       0      0       0.0       0.0

Blob file count: 0, total size: 0.0 GB, garbage size: 0.0 GB, space amp: 0.0

Uptime(secs): 0.1 total, 0.1 interval
Flush(GB): cumulative 0.000, interval 0.000
AddFile(GB): cumulative 0.000, interval 0.000
AddFile(Total Files): cumulative 0, interval 0
AddFile(L0 Files): cumulative 0, interval 0
AddFile(Keys): cumulative 0, interval 0
Cumulative compaction: 0.00 GB write, 0.01 MB/s write, 0.00 GB read, 0.00 MB/s read, 0.0 seconds
Interval compaction: 0.00 GB write, 0.01 MB/s write, 0.00 GB read, 0.00 MB/s read, 0.0 seconds
Write Stall (count): cf-l0-file-count-limit-delays-with-ongoing-compaction: 0, cf-l0-file-count-limit-stops-with-ongoing-compaction: 0, l0-file-count-limit-delays: 0, l0-file-count-limit-stops: 0, memtable-limit-delays: 0, memtable-limit-stops: 0, pending-compaction-bytes-delays: 0, pending-compaction-bytes-stops: 0, total-delays: 0, total-stops: 0
Block cache LRUCache@00000190CBE1E6C0#16032 capacity: 8.00 MB seed: 1085131344 usage: 0.70 KB table_size: 256 occupancy: 4 collections: 1 last_copies: 1 last_secs: 4.6e-05 secs_since: 0
Block cache entry stats(count,size,portion): DataBlock(2,0.24 KB,0.00293255%) IndexBlock(1,0.12 KB,0.00140667%) Misc(1,0.00 KB,0%)

** File Read Latency Histogram By Level [Configuration] **
** Level 0 read latency histogram (micros):
Count: 1 Average: 20.0000  StdDev: 0.00
Min: 20  Median: 20.0000  Max: 20
Percentiles: P50: 20.00 P75: 20.00 P99: 20.00 P99.9: 20.00 P99.99: 20.00
------------------------------------------------------
(      15,      22 ]        1 100.000% 100.000% ####################

2024/11/30-18:04:47.427422 714 [db\db_impl\db_impl.cc:751] STATISTICS:
 rocksdb.block.cache.miss COUNT : 3
rocksdb.block.cache.hit COUNT : 0
rocksdb.block.cache.add COUNT : 3
rocksdb.block.cache.add.failures COUNT : 0
rocksdb.block.cache.index.miss COUNT : 1
