2024/11/30-18:14:39.138517 2a70 RocksDB version: 8.8.1
2024/11/30-18:14:39.138622 2a70 Git sha 986b8b9f20893dec811d8ecdb97b6a47f20d322d
2024/11/30-18:14:39.138648 2a70 Compile date 2023-11-23 10:47:11
2024/11/30-18:14:39.138666 2a70 DB SUMMARY
2024/11/30-18:14:39.138688 2a70 Host name (Env):  LAPTOP-COHAQ1BR
2024/11/30-18:14:39.138703 2a70 DB Session ID:  GW7B6RN4JW4JXHZQLES1
2024/11/30-18:14:39.140078 2a70 CURRENT file:  CURRENT
2024/11/30-18:14:39.140116 2a70 IDENTITY file:  IDENTITY
2024/11/30-18:14:39.140214 2a70 MANIFEST file:  MANIFEST-000023 size: 775 Bytes
2024/11/30-18:14:39.140234 2a70 SST files in D:\知识\java-knowledge\k-springcloud\material\nacos\data\protocol\raft\naming_service_metadata\log dir, Total Num: 6, files: 000008.sst 000009.sst 000014.sst 000015.sst 000020.sst 000021.sst 
2024/11/30-18:14:39.140400 2a70 Write Ahead Log file in D:\知识\java-knowledge\k-springcloud\material\nacos\data\protocol\raft\naming_service_metadata\log: 000022.log size: 313 ; 
2024/11/30-18:14:39.140414 2a70                         Options.error_if_exists: 0
2024/11/30-18:14:39.140420 2a70                       Options.create_if_missing: 1
2024/11/30-18:14:39.140425 2a70                         Options.paranoid_checks: 1
2024/11/30-18:14:39.140430 2a70             Options.flush_verify_memtable_count: 1
2024/11/30-18:14:39.140434 2a70          Options.compaction_verify_record_count: 1
2024/11/30-18:14:39.140439 2a70                               Options.track_and_verify_wals_in_manifest: 0
2024/11/30-18:14:39.140444 2a70        Options.verify_sst_unique_id_in_manifest: 1
2024/11/30-18:14:39.140449 2a70                                     Options.env: 0000024415885F50
2024/11/30-18:14:39.140456 2a70                                      Options.fs: WinFS
2024/11/30-18:14:39.140461 2a70                                Options.info_log: 00000244183EB460
2024/11/30-18:14:39.140468 2a70                Options.max_file_opening_threads: 16
2024/11/30-18:14:39.140473 2a70                              Options.statistics: 0000024417938C50
2024/11/30-18:14:39.140478 2a70                              Options.statistics stats level: 3
2024/11/30-18:14:39.140483 2a70                               Options.use_fsync: 0
2024/11/30-18:14:39.140487 2a70                       Options.max_log_file_size: 0
2024/11/30-18:14:39.140493 2a70                  Options.max_manifest_file_size: 1073741824
2024/11/30-18:14:39.140498 2a70                   Options.log_file_time_to_roll: 0
2024/11/30-18:14:39.140503 2a70                       Options.keep_log_file_num: 100
2024/11/30-18:14:39.140508 2a70                    Options.recycle_log_file_num: 0
2024/11/30-18:14:39.140512 2a70                         Options.allow_fallocate: 1
2024/11/30-18:14:39.140517 2a70                        Options.allow_mmap_reads: 0
2024/11/30-18:14:39.140522 2a70                       Options.allow_mmap_writes: 0
2024/11/30-18:14:39.140527 2a70                        Options.use_direct_reads: 0
2024/11/30-18:14:39.140532 2a70                        Options.use_direct_io_for_flush_and_compaction: 0
2024/11/30-18:14:39.140537 2a70          Options.create_missing_column_families: 1
2024/11/30-18:14:39.140543 2a70                              Options.db_log_dir: 
2024/11/30-18:14:39.140548 2a70                                 Options.wal_dir: 
2024/11/30-18:14:39.140553 2a70                Options.table_cache_numshardbits: 6
2024/11/30-18:14:39.140557 2a70                         Options.WAL_ttl_seconds: 0
2024/11/30-18:14:39.140562 2a70                       Options.WAL_size_limit_MB: 0
2024/11/30-18:14:39.140566 2a70                        Options.max_write_batch_group_size_bytes: 1048576
2024/11/30-18:14:39.140572 2a70             Options.manifest_preallocation_size: 4194304
2024/11/30-18:14:39.140577 2a70                     Options.is_fd_close_on_exec: 1
2024/11/30-18:14:39.140582 2a70                   Options.advise_random_on_open: 1
2024/11/30-18:14:39.140586 2a70                    Options.db_write_buffer_size: 0
2024/11/30-18:14:39.140591 2a70                    Options.write_buffer_manager: 000002441ABB8C30
2024/11/30-18:14:39.140644 2a70         Options.access_hint_on_compaction_start: 1
2024/11/30-18:14:39.140654 2a70           Options.random_access_max_buffer_size: 1048576
2024/11/30-18:14:39.140658 2a70                      Options.use_adaptive_mutex: 0
2024/11/30-18:14:39.140663 2a70                            Options.rate_limiter: 0000000000000000
2024/11/30-18:14:39.140668 2a70     Options.sst_file_manager.rate_bytes_per_sec: 0
2024/11/30-18:14:39.140673 2a70                       Options.wal_recovery_mode: 2
2024/11/30-18:14:39.140677 2a70                  Options.enable_thread_tracking: 0
2024/11/30-18:14:39.140681 2a70                  Options.enable_pipelined_write: 0
2024/11/30-18:14:39.140685 2a70                  Options.unordered_write: 0
2024/11/30-18:14:39.140689 2a70         Options.allow_concurrent_memtable_write: 1
2024/11/30-18:14:39.140693 2a70      Options.enable_write_thread_adaptive_yield: 1
2024/11/30-18:14:39.140698 2a70             Options.write_thread_max_yield_usec: 100
2024/11/30-18:14:39.140702 2a70            Options.write_thread_slow_yield_usec: 3
2024/11/30-18:14:39.140705 2a70                               Options.row_cache: None
2024/11/30-18:14:39.140709 2a70                              Options.wal_filter: None
2024/11/30-18:14:39.140714 2a70             Options.avoid_flush_during_recovery: 0
2024/11/30-18:14:39.140718 2a70             Options.allow_ingest_behind: 0
2024/11/30-18:14:39.140722 2a70             Options.two_write_queues: 0
2024/11/30-18:14:39.140726 2a70             Options.manual_wal_flush: 0
2024/11/30-18:14:39.140730 2a70             Options.wal_compression: 0
2024/11/30-18:14:39.140734 2a70             Options.atomic_flush: 0
2024/11/30-18:14:39.140738 2a70             Options.avoid_unnecessary_blocking_io: 0
2024/11/30-18:14:39.140743 2a70                 Options.persist_stats_to_disk: 0
2024/11/30-18:14:39.140747 2a70                 Options.write_dbid_to_manifest: 0
2024/11/30-18:14:39.140751 2a70                 Options.log_readahead_size: 0
2024/11/30-18:14:39.140756 2a70                 Options.file_checksum_gen_factory: Unknown
2024/11/30-18:14:39.140760 2a70                 Options.best_efforts_recovery: 0
2024/11/30-18:14:39.140764 2a70                Options.max_bgerror_resume_count: 2147483647
2024/11/30-18:14:39.140769 2a70            Options.bgerror_resume_retry_interval: 1000000
2024/11/30-18:14:39.140773 2a70             Options.allow_data_in_errors: 0
2024/11/30-18:14:39.140778 2a70             Options.db_host_id: __hostname__
2024/11/30-18:14:39.140782 2a70             Options.enforce_single_del_contracts: true
2024/11/30-18:14:39.140788 2a70             Options.max_background_jobs: 2
2024/11/30-18:14:39.140792 2a70             Options.max_background_compactions: -1
2024/11/30-18:14:39.140797 2a70             Options.max_subcompactions: 1
2024/11/30-18:14:39.140801 2a70             Options.avoid_flush_during_shutdown: 0
2024/11/30-18:14:39.140806 2a70           Options.writable_file_max_buffer_size: 1048576
2024/11/30-18:14:39.140810 2a70             Options.delayed_write_rate : 16777216
2024/11/30-18:14:39.140815 2a70             Options.max_total_wal_size: 1073741824
2024/11/30-18:14:39.140819 2a70             Options.delete_obsolete_files_period_micros: 21600000000
2024/11/30-18:14:39.140824 2a70                   Options.stats_dump_period_sec: 600
2024/11/30-18:14:39.140828 2a70                 Options.stats_persist_period_sec: 600
2024/11/30-18:14:39.140833 2a70                 Options.stats_history_buffer_size: 1048576
2024/11/30-18:14:39.140837 2a70                          Options.max_open_files: -1
2024/11/30-18:14:39.140842 2a70                          Options.bytes_per_sync: 0
2024/11/30-18:14:39.140847 2a70                      Options.wal_bytes_per_sync: 0
2024/11/30-18:14:39.140851 2a70                   Options.strict_bytes_per_sync: 0
2024/11/30-18:14:39.140856 2a70       Options.compaction_readahead_size: 2097152
2024/11/30-18:14:39.140860 2a70                  Options.max_background_flushes: -1
2024/11/30-18:14:39.140906 2a70 Options.daily_offpeak_time_utc: 
2024/11/30-18:14:39.140915 2a70 Compression algorithms supported:
2024/11/30-18:14:39.140921 2a70 	kZSTD supported: 1
2024/11/30-18:14:39.140926 2a70 	kSnappyCompression supported: 1
2024/11/30-18:14:39.140931 2a70 	kBZip2Compression supported: 0
2024/11/30-18:14:39.140936 2a70 	kZlibCompression supported: 1
2024/11/30-18:14:39.140941 2a70 	kLZ4Compression supported: 1
2024/11/30-18:14:39.140945 2a70 	kXpressCompression supported: 0
2024/11/30-18:14:39.140950 2a70 	kLZ4HCCompression supported: 1
2024/11/30-18:14:39.140955 2a70 	kZSTDNotFinalCompression supported: 1
2024/11/30-18:14:39.140963 2a70 Fast CRC32 supported: Not supported on x86
2024/11/30-18:14:39.140968 2a70 DMutex implementation: std::mutex
2024/11/30-18:14:39.143333 2a70 [db\version_set.cc:5906] Recovering from manifest file: D:\知识\java-knowledge\k-springcloud\material\nacos\data\protocol\raft\naming_service_metadata\log/MANIFEST-000023
2024/11/30-18:14:39.143823 2a70 [db\column_family.cc:618] --------------- Options for column family [default]:
2024/11/30-18:14:39.143844 2a70               Options.comparator: leveldb.BytewiseComparator
2024/11/30-18:14:39.143850 2a70           Options.merge_operator: StringAppendOperator
2024/11/30-18:14:39.143854 2a70        Options.compaction_filter: None
2024/11/30-18:14:39.143859 2a70        Options.compaction_filter_factory: None
2024/11/30-18:14:39.143863 2a70  Options.sst_partitioner_factory: None
2024/11/30-18:14:39.143868 2a70         Options.memtable_factory: SkipListFactory
2024/11/30-18:14:39.143873 2a70            Options.table_factory: BlockBasedTable
2024/11/30-18:14:39.143920 2a70            table_factory options:   flush_block_policy_factory: FlushBlockBySizePolicyFactory (000002441AA70A40)
  cache_index_and_filter_blocks: 0
  cache_index_and_filter_blocks_with_high_priority: 1
  pin_l0_filter_and_index_blocks_in_cache: 1
  pin_top_level_index_and_filter: 1
  index_type: 2
  data_block_index_type: 0
  index_shortening: 1
  data_block_hash_table_util_ratio: 0.750000
  checksum: 4
  no_block_cache: 0
  block_cache: 000002441ABB8B50
  block_cache_name: LRUCache
  block_cache_options:
    capacity : 8388608
    num_shard_bits : 4
    strict_capacity_limit : 0
    memory_allocator : None
    high_pri_pool_ratio: 0.500
    low_pri_pool_ratio: 0.000
  persistent_cache: 0000000000000000
  block_size: 4096
  block_size_deviation: 10
  block_restart_interval: 16
  index_block_restart_interval: 1
  metadata_block_size: 8192
  partition_filters: 1
  use_delta_encoding: 1
  filter_policy: nullptr
  whole_key_filtering: 1
  verify_compression: 0
  read_amp_bytes_per_bit: 0
  format_version: 5
  enable_index_compression: 1
  block_align: 0
  max_auto_readahead_size: 262144
  prepopulate_block_cache: 0
  initial_auto_readahead_size: 8192
  num_file_reads_for_auto_readahead: 2
2024/11/30-18:14:39.143928 2a70        Options.write_buffer_size: 67108864
2024/11/30-18:14:39.143933 2a70  Options.max_write_buffer_number: 3
2024/11/30-18:14:39.143937 2a70          Options.compression: Snappy
2024/11/30-18:14:39.143941 2a70                  Options.bottommost_compression: Disabled
2024/11/30-18:14:39.143946 2a70       Options.prefix_extractor: rocksdb.FixedPrefix
2024/11/30-18:14:39.143951 2a70   Options.memtable_insert_with_hint_prefix_extractor: nullptr
2024/11/30-18:14:39.143955 2a70             Options.num_levels: 7
2024/11/30-18:14:39.143959 2a70        Options.min_write_buffer_number_to_merge: 1
2024/11/30-18:14:39.143964 2a70     Options.max_write_buffer_number_to_maintain: 0
2024/11/30-18:14:39.143968 2a70     Options.max_write_buffer_size_to_maintain: 0
2024/11/30-18:14:39.143972 2a70            Options.bottommost_compression_opts.window_bits: -14
2024/11/30-18:14:39.143976 2a70                  Options.bottommost_compression_opts.level: 32767
2024/11/30-18:14:39.143980 2a70               Options.bottommost_compression_opts.strategy: 0
2024/11/30-18:14:39.143985 2a70         Options.bottommost_compression_opts.max_dict_bytes: 0
2024/11/30-18:14:39.143989 2a70         Options.bottommost_compression_opts.zstd_max_train_bytes: 0
2024/11/30-18:14:39.144001 2a70         Options.bottommost_compression_opts.parallel_threads: 1
2024/11/30-18:14:39.144007 2a70                  Options.bottommost_compression_opts.enabled: false
2024/11/30-18:14:39.144014 2a70         Options.bottommost_compression_opts.max_dict_buffer_bytes: 0
2024/11/30-18:14:39.144018 2a70         Options.bottommost_compression_opts.use_zstd_dict_trainer: true
2024/11/30-18:14:39.144022 2a70            Options.compression_opts.window_bits: -14
2024/11/30-18:14:39.144027 2a70                  Options.compression_opts.level: 32767
2024/11/30-18:14:39.144031 2a70               Options.compression_opts.strategy: 0
2024/11/30-18:14:39.144035 2a70         Options.compression_opts.max_dict_bytes: 0
2024/11/30-18:14:39.144039 2a70         Options.compression_opts.zstd_max_train_bytes: 0
2024/11/30-18:14:39.144044 2a70         Options.compression_opts.use_zstd_dict_trainer: true
2024/11/30-18:14:39.144048 2a70         Options.compression_opts.parallel_threads: 1
2024/11/30-18:14:39.144052 2a70                  Options.compression_opts.enabled: false
2024/11/30-18:14:39.144057 2a70         Options.compression_opts.max_dict_buffer_bytes: 0
2024/11/30-18:14:39.144061 2a70      Options.level0_file_num_compaction_trigger: 10
2024/11/30-18:14:39.144065 2a70          Options.level0_slowdown_writes_trigger: 20
2024/11/30-18:14:39.144069 2a70              Options.level0_stop_writes_trigger: 40
2024/11/30-18:14:39.144074 2a70                   Options.target_file_size_base: 67108864
2024/11/30-18:14:39.144078 2a70             Options.target_file_size_multiplier: 1
2024/11/30-18:14:39.144082 2a70                Options.max_bytes_for_level_base: 536870912
2024/11/30-18:14:39.144087 2a70 Options.level_compaction_dynamic_level_bytes: 1
2024/11/30-18:14:39.144091 2a70          Options.max_bytes_for_level_multiplier: 10.000000
2024/11/30-18:14:39.144097 2a70 Options.max_bytes_for_level_multiplier_addtl[0]: 1
2024/11/30-18:14:39.144102 2a70 Options.max_bytes_for_level_multiplier_addtl[1]: 1
2024/11/30-18:14:39.144106 2a70 Options.max_bytes_for_level_multiplier_addtl[2]: 1
2024/11/30-18:14:39.144110 2a70 Options.max_bytes_for_level_multiplier_addtl[3]: 1
2024/11/30-18:14:39.144114 2a70 Options.max_bytes_for_level_multiplier_addtl[4]: 1
2024/11/30-18:14:39.144119 2a70 Options.max_bytes_for_level_multiplier_addtl[5]: 1
2024/11/30-18:14:39.144123 2a70 Options.max_bytes_for_level_multiplier_addtl[6]: 1
2024/11/30-18:14:39.144127 2a70       Options.max_sequential_skip_in_iterations: 8
2024/11/30-18:14:39.144132 2a70                    Options.max_compaction_bytes: 1677721600
2024/11/30-18:14:39.144136 2a70   Options.ignore_max_compaction_bytes_for_input: true
2024/11/30-18:14:39.144141 2a70                        Options.arena_block_size: 1048576
2024/11/30-18:14:39.144145 2a70   Options.soft_pending_compaction_bytes_limit: 68719476736
2024/11/30-18:14:39.144150 2a70   Options.hard_pending_compaction_bytes_limit: 274877906944
2024/11/30-18:14:39.144155 2a70                Options.disable_auto_compactions: 0
2024/11/30-18:14:39.144160 2a70                        Options.compaction_style: kCompactionStyleLevel
2024/11/30-18:14:39.144166 2a70                          Options.compaction_pri: kMinOverlappingRatio
2024/11/30-18:14:39.144171 2a70 Options.compaction_options_universal.size_ratio: 1
2024/11/30-18:14:39.144176 2a70 Options.compaction_options_universal.min_merge_width: 2
2024/11/30-18:14:39.144181 2a70 Options.compaction_options_universal.max_merge_width: 4294967295
2024/11/30-18:14:39.144185 2a70 Options.compaction_options_universal.max_size_amplification_percent: 200
2024/11/30-18:14:39.144190 2a70 Options.compaction_options_universal.compression_size_percent: -1
2024/11/30-18:14:39.144195 2a70 Options.compaction_options_universal.stop_style: kCompactionStopStyleTotalSize
2024/11/30-18:14:39.144200 2a70 Options.compaction_options_fifo.max_table_files_size: 1073741824
2024/11/30-18:14:39.144204 2a70 Options.compaction_options_fifo.allow_compaction: 0
2024/11/30-18:14:39.144282 2a70                   Options.table_properties_collectors: 
2024/11/30-18:14:39.144291 2a70                   Options.inplace_update_support: 0
2024/11/30-18:14:39.144297 2a70                 Options.inplace_update_num_locks: 10000
2024/11/30-18:14:39.144303 2a70               Options.memtable_prefix_bloom_size_ratio: 0.125000
2024/11/30-18:14:39.144309 2a70               Options.memtable_whole_key_filtering: 0
2024/11/30-18:14:39.144313 2a70   Options.memtable_huge_page_size: 0
2024/11/30-18:14:39.144385 2a70                           Options.bloom_locality: 0
2024/11/30-18:14:39.144396 2a70                    Options.max_successive_merges: 0
2024/11/30-18:14:39.144401 2a70                Options.optimize_filters_for_hits: 0
2024/11/30-18:14:39.144406 2a70                Options.paranoid_file_checks: 0
2024/11/30-18:14:39.144410 2a70                Options.force_consistency_checks: 1
2024/11/30-18:14:39.144414 2a70                Options.report_bg_io_stats: 0
2024/11/30-18:14:39.144418 2a70                               Options.ttl: 2592000
2024/11/30-18:14:39.144423 2a70          Options.periodic_compaction_seconds: 0
2024/11/30-18:14:39.144428 2a70                        Options.default_temperature: kUnknown
2024/11/30-18:14:39.144432 2a70  Options.preclude_last_level_data_seconds: 0
2024/11/30-18:14:39.144437 2a70    Options.preserve_internal_time_seconds: 0
2024/11/30-18:14:39.144441 2a70                       Options.enable_blob_files: false
2024/11/30-18:14:39.144445 2a70                           Options.min_blob_size: 0
2024/11/30-18:14:39.144450 2a70                          Options.blob_file_size: 268435456
2024/11/30-18:14:39.144455 2a70                   Options.blob_compression_type: NoCompression
2024/11/30-18:14:39.144462 2a70          Options.enable_blob_garbage_collection: false
2024/11/30-18:14:39.144467 2a70      Options.blob_garbage_collection_age_cutoff: 0.250000
2024/11/30-18:14:39.144472 2a70 Options.blob_garbage_collection_force_threshold: 1.000000
2024/11/30-18:14:39.144477 2a70          Options.blob_compaction_readahead_size: 0
2024/11/30-18:14:39.144481 2a70                Options.blob_file_starting_level: 0
2024/11/30-18:14:39.144485 2a70         Options.experimental_mempurge_threshold: 0.000000
2024/11/30-18:14:39.144490 2a70            Options.memtable_max_range_deletions: 0
2024/11/30-18:14:39.147779 2a70 [db\column_family.cc:618] --------------- Options for column family [Configuration]:
2024/11/30-18:14:39.147805 2a70               Options.comparator: leveldb.BytewiseComparator
2024/11/30-18:14:39.147812 2a70           Options.merge_operator: StringAppendOperator
2024/11/30-18:14:39.147817 2a70        Options.compaction_filter: None
2024/11/30-18:14:39.147822 2a70        Options.compaction_filter_factory: None
2024/11/30-18:14:39.147826 2a70  Options.sst_partitioner_factory: None
2024/11/30-18:14:39.147832 2a70         Options.memtable_factory: SkipListFactory
2024/11/30-18:14:39.147836 2a70            Options.table_factory: BlockBasedTable
2024/11/30-18:14:39.147902 2a70            table_factory options:   flush_block_policy_factory: FlushBlockBySizePolicyFactory (000002441AA70A40)
  cache_index_and_filter_blocks: 0
  cache_index_and_filter_blocks_with_high_priority: 1
  pin_l0_filter_and_index_blocks_in_cache: 1
  pin_top_level_index_and_filter: 1
  index_type: 2
  data_block_index_type: 0
  index_shortening: 1
  data_block_hash_table_util_ratio: 0.750000
  checksum: 4
  no_block_cache: 0
  block_cache: 000002441ABB8B50
  block_cache_name: LRUCache
  block_cache_options:
    capacity : 8388608
    num_shard_bits : 4
    strict_capacity_limit : 0
    memory_allocator : None
    high_pri_pool_ratio: 0.500
    low_pri_pool_ratio: 0.000
  persistent_cache: 0000000000000000
  block_size: 4096
  block_size_deviation: 10
  block_restart_interval: 16
  index_block_restart_interval: 1
  metadata_block_size: 8192
  partition_filters: 1
  use_delta_encoding: 1
  filter_policy: nullptr
  whole_key_filtering: 1
  verify_compression: 0
  read_amp_bytes_per_bit: 0
  format_version: 5
  enable_index_compression: 1
  block_align: 0
  max_auto_readahead_size: 262144
  prepopulate_block_cache: 0
  initial_auto_readahead_size: 8192
  num_file_reads_for_auto_readahead: 2
2024/11/30-18:14:39.147917 2a70        Options.write_buffer_size: 67108864
2024/11/30-18:14:39.147924 2a70  Options.max_write_buffer_number: 3
2024/11/30-18:14:39.147929 2a70          Options.compression: Snappy
2024/11/30-18:14:39.147933 2a70                  Options.bottommost_compression: Disabled
2024/11/30-18:14:39.147938 2a70       Options.prefix_extractor: rocksdb.FixedPrefix
2024/11/30-18:14:39.147943 2a70   Options.memtable_insert_with_hint_prefix_extractor: nullptr
2024/11/30-18:14:39.147947 2a70             Options.num_levels: 7
2024/11/30-18:14:39.147951 2a70        Options.min_write_buffer_number_to_merge: 1
2024/11/30-18:14:39.147956 2a70     Options.max_write_buffer_number_to_maintain: 0
2024/11/30-18:14:39.147960 2a70     Options.max_write_buffer_size_to_maintain: 0
2024/11/30-18:14:39.147965 2a70            Options.bottommost_compression_opts.window_bits: -14
2024/11/30-18:14:39.147970 2a70                  Options.bottommost_compression_opts.level: 32767
2024/11/30-18:14:39.147975 2a70               Options.bottommost_compression_opts.strategy: 0
2024/11/30-18:14:39.147979 2a70         Options.bottommost_compression_opts.max_dict_bytes: 0
2024/11/30-18:14:39.147984 2a70         Options.bottommost_compression_opts.zstd_max_train_bytes: 0
2024/11/30-18:14:39.147989 2a70         Options.bottommost_compression_opts.parallel_threads: 1
2024/11/30-18:14:39.147994 2a70                  Options.bottommost_compression_opts.enabled: false
2024/11/30-18:14:39.147999 2a70         Options.bottommost_compression_opts.max_dict_buffer_bytes: 0
2024/11/30-18:14:39.148004 2a70         Options.bottommost_compression_opts.use_zstd_dict_trainer: true
2024/11/30-18:14:39.148009 2a70            Options.compression_opts.window_bits: -14
2024/11/30-18:14:39.148015 2a70                  Options.compression_opts.level: 32767
2024/11/30-18:14:39.148021 2a70               Options.compression_opts.strategy: 0
2024/11/30-18:14:39.148027 2a70         Options.compression_opts.max_dict_bytes: 0
2024/11/30-18:14:39.148033 2a70         Options.compression_opts.zstd_max_train_bytes: 0
2024/11/30-18:14:39.148038 2a70         Options.compression_opts.use_zstd_dict_trainer: true
2024/11/30-18:14:39.148042 2a70         Options.compression_opts.parallel_threads: 1
2024/11/30-18:14:39.148047 2a70                  Options.compression_opts.enabled: false
2024/11/30-18:14:39.148051 2a70         Options.compression_opts.max_dict_buffer_bytes: 0
2024/11/30-18:14:39.148055 2a70      Options.level0_file_num_compaction_trigger: 10
2024/11/30-18:14:39.148060 2a70          Options.level0_slowdown_writes_trigger: 20
2024/11/30-18:14:39.148064 2a70              Options.level0_stop_writes_trigger: 40
2024/11/30-18:14:39.148068 2a70                   Options.target_file_size_base: 67108864
2024/11/30-18:14:39.148073 2a70             Options.target_file_size_multiplier: 1
2024/11/30-18:14:39.148077 2a70                Options.max_bytes_for_level_base: 536870912
2024/11/30-18:14:39.148082 2a70 Options.level_compaction_dynamic_level_bytes: 1
2024/11/30-18:14:39.148086 2a70          Options.max_bytes_for_level_multiplier: 10.000000
2024/11/30-18:14:39.148092 2a70 Options.max_bytes_for_level_multiplier_addtl[0]: 1
2024/11/30-18:14:39.148097 2a70 Options.max_bytes_for_level_multiplier_addtl[1]: 1
2024/11/30-18:14:39.148101 2a70 Options.max_bytes_for_level_multiplier_addtl[2]: 1
2024/11/30-18:14:39.148106 2a70 Options.max_bytes_for_level_multiplier_addtl[3]: 1
2024/11/30-18:14:39.148110 2a70 Options.max_bytes_for_level_multiplier_addtl[4]: 1
2024/11/30-18:14:39.148115 2a70 Options.max_bytes_for_level_multiplier_addtl[5]: 1
2024/11/30-18:14:39.148120 2a70 Options.max_bytes_for_level_multiplier_addtl[6]: 1
2024/11/30-18:14:39.148124 2a70       Options.max_sequential_skip_in_iterations: 8
2024/11/30-18:14:39.148129 2a70                    Options.max_compaction_bytes: 1677721600
2024/11/30-18:14:39.148136 2a70   Options.ignore_max_compaction_bytes_for_input: true
2024/11/30-18:14:39.148142 2a70                        Options.arena_block_size: 1048576
2024/11/30-18:14:39.148147 2a70   Options.soft_pending_compaction_bytes_limit: 68719476736
2024/11/30-18:14:39.148152 2a70   Options.hard_pending_compaction_bytes_limit: 274877906944
2024/11/30-18:14:39.148156 2a70                Options.disable_auto_compactions: 0
2024/11/30-18:14:39.148162 2a70                        Options.compaction_style: kCompactionStyleLevel
2024/11/30-18:14:39.148167 2a70                          Options.compaction_pri: kMinOverlappingRatio
2024/11/30-18:14:39.148172 2a70 Options.compaction_options_universal.size_ratio: 1
2024/11/30-18:14:39.148176 2a70 Options.compaction_options_universal.min_merge_width: 2
2024/11/30-18:14:39.148181 2a70 Options.compaction_options_universal.max_merge_width: 4294967295
2024/11/30-18:14:39.148185 2a70 Options.compaction_options_universal.max_size_amplification_percent: 200
2024/11/30-18:14:39.148190 2a70 Options.compaction_options_universal.compression_size_percent: -1
2024/11/30-18:14:39.148196 2a70 Options.compaction_options_universal.stop_style: kCompactionStopStyleTotalSize
2024/11/30-18:14:39.148201 2a70 Options.compaction_options_fifo.max_table_files_size: 1073741824
2024/11/30-18:14:39.148206 2a70 Options.compaction_options_fifo.allow_compaction: 0
2024/11/30-18:14:39.148214 2a70                   Options.table_properties_collectors: 
2024/11/30-18:14:39.148219 2a70                   Options.inplace_update_support: 0
2024/11/30-18:14:39.148223 2a70                 Options.inplace_update_num_locks: 10000
2024/11/30-18:14:39.148228 2a70               Options.memtable_prefix_bloom_size_ratio: 0.125000
2024/11/30-18:14:39.148234 2a70               Options.memtable_whole_key_filtering: 0
2024/11/30-18:14:39.148238 2a70   Options.memtable_huge_page_size: 0
2024/11/30-18:14:39.148243 2a70                           Options.bloom_locality: 0
2024/11/30-18:14:39.148247 2a70                    Options.max_successive_merges: 0
2024/11/30-18:14:39.148252 2a70                Options.optimize_filters_for_hits: 0
2024/11/30-18:14:39.148257 2a70                Options.paranoid_file_checks: 0
2024/11/30-18:14:39.148261 2a70                Options.force_consistency_checks: 1
2024/11/30-18:14:39.148265 2a70                Options.report_bg_io_stats: 0
2024/11/30-18:14:39.148270 2a70                               Options.ttl: 2592000
2024/11/30-18:14:39.148275 2a70          Options.periodic_compaction_seconds: 0
2024/11/30-18:14:39.148280 2a70                        Options.default_temperature: kUnknown
2024/11/30-18:14:39.148285 2a70  Options.preclude_last_level_data_seconds: 0
2024/11/30-18:14:39.148289 2a70    Options.preserve_internal_time_seconds: 0
2024/11/30-18:14:39.148294 2a70                       Options.enable_blob_files: false
2024/11/30-18:14:39.148298 2a70                           Options.min_blob_size: 0
2024/11/30-18:14:39.148303 2a70                          Options.blob_file_size: 268435456
2024/11/30-18:14:39.148308 2a70                   Options.blob_compression_type: NoCompression
2024/11/30-18:14:39.148313 2a70          Options.enable_blob_garbage_collection: false
2024/11/30-18:14:39.148318 2a70      Options.blob_garbage_collection_age_cutoff: 0.250000
2024/11/30-18:14:39.148324 2a70 Options.blob_garbage_collection_force_threshold: 1.000000
2024/11/30-18:14:39.148330 2a70          Options.blob_compaction_readahead_size: 0
2024/11/30-18:14:39.148334 2a70                Options.blob_file_starting_level: 0
2024/11/30-18:14:39.148339 2a70         Options.experimental_mempurge_threshold: 0.000000
2024/11/30-18:14:39.148345 2a70            Options.memtable_max_range_deletions: 0
2024/11/30-18:14:39.160676 2a70 [db\version_set.cc:5957] Recovered from manifest file:D:\知识\java-knowledge\k-springcloud\material\nacos\data\protocol\raft\naming_service_metadata\log/MANIFEST-000023 succeeded,manifest_file_number is 23, next_file_number is 25, last_sequence is 20, log_number is 17,prev_log_number is 0,max_column_family is 1,min_log_number_to_keep is 17
2024/11/30-18:14:39.160706 2a70 [db\version_set.cc:5966] Column family [default] (ID 0), log number is 17
2024/11/30-18:14:39.160715 2a70 [db\version_set.cc:5966] Column family [Configuration] (ID 1), log number is 17
2024/11/30-18:14:39.161314 2a70 [db\db_impl\db_impl_open.cc:646] DB ID: 0c695252-ae40-11ef-aece-8032539efea9
2024/11/30-18:14:39.165001 2a70 EVENT_LOG_v1 {"time_micros": 1732961679164989, "job": 1, "event": "recovery_started", "wal_files": [22]}
2024/11/30-18:14:39.165022 2a70 [db\db_impl\db_impl_open.cc:1145] Recovering log #22 mode 2
2024/11/30-18:14:39.169882 2a70 EVENT_LOG_v1 {"time_micros": 1732961679169828, "cf_name": "default", "job": 1, "event": "table_file_creation", "file_number": 26, "file_size": 1204, "file_checksum": "", "file_checksum_func_name": "Unknown", "smallest_seqno": 21, "largest_seqno": 26, "table_properties": {"data_size": 66, "index_size": 45, "index_partitions": 1, "top_level_index_size": 20, "index_key_is_user_key": 1, "index_value_is_delta_encoded": 1, "filter_size": 0, "raw_key_size": 32, "raw_average_key_size": 16, "raw_value_size": 42, "raw_average_value_size": 21, "num_data_blocks": 1, "num_entries": 2, "num_filter_entries": 0, "num_deletions": 1, "num_merge_operands": 0, "num_range_deletions": 1, "format_version": 0, "fixed_key_len": 0, "filter_policy": "", "column_family_name": "default", "column_family_id": 0, "comparator": "leveldb.BytewiseComparator", "user_defined_timestamps_persisted": 1, "merge_operator": "StringAppendOperator", "prefix_extractor_name": "rocksdb.FixedPrefix.8", "property_collectors": "[]", "compression": "Snappy", "compression_options": "window_bits=-14; level=32767; strategy=0; max_dict_bytes=0; zstd_max_train_bytes=0; enabled=0; max_dict_buffer_bytes=0; use_zstd_dict_trainer=1; ", "creation_time": 1732961679, "oldest_key_time": 0, "file_creation_time": 0, "slow_compression_estimated_data_size": 0, "fast_compression_estimated_data_size": 0, "db_id": "0c695252-ae40-11ef-aece-8032539efea9", "db_session_id": "GW7B6RN4JW4JXHZQLES1", "orig_file_number": 26, "seqno_to_time_mapping": "N/A"}}
2024/11/30-18:14:39.175725 2a70 EVENT_LOG_v1 {"time_micros": 1732961679175668, "cf_name": "Configuration", "job": 1, "event": "table_file_creation", "file_number": 27, "file_size": 1268, "file_checksum": "", "file_checksum_func_name": "Unknown", "smallest_seqno": 22, "largest_seqno": 27, "table_properties": {"data_size": 103, "index_size": 65, "index_partitions": 1, "top_level_index_size": 30, "index_key_is_user_key": 1, "index_value_is_delta_encoded": 1, "filter_size": 0, "raw_key_size": 58, "raw_average_key_size": 19, "raw_value_size": 50, "raw_average_value_size": 16, "num_data_blocks": 1, "num_entries": 3, "num_filter_entries": 0, "num_deletions": 1, "num_merge_operands": 0, "num_range_deletions": 1, "format_version": 0, "fixed_key_len": 0, "filter_policy": "", "column_family_name": "Configuration", "column_family_id": 1, "comparator": "leveldb.BytewiseComparator", "user_defined_timestamps_persisted": 1, "merge_operator": "StringAppendOperator", "prefix_extractor_name": "rocksdb.FixedPrefix.8", "property_collectors": "[]", "compression": "Snappy", "compression_options": "window_bits=-14; level=32767; strategy=0; max_dict_bytes=0; zstd_max_train_bytes=0; enabled=0; max_dict_buffer_bytes=0; use_zstd_dict_trainer=1; ", "creation_time": 1732961679, "oldest_key_time": 0, "file_creation_time": 0, "slow_compression_estimated_data_size": 0, "fast_compression_estimated_data_size": 0, "db_id": "0c695252-ae40-11ef-aece-8032539efea9", "db_session_id": "GW7B6RN4JW4JXHZQLES1", "orig_file_number": 27, "seqno_to_time_mapping": "N/A"}}
2024/11/30-18:14:39.180217 2a70 EVENT_LOG_v1 {"time_micros": 1732961679180204, "job": 1, "event": "recovery_finished"}
2024/11/30-18:14:39.181297 2a70 [db\version_set.cc:5417] Creating manifest 29
2024/11/30-18:14:39.207091 2a70 [file\delete_scheduler.cc:77] Deleted file D:\知识\java-knowledge\k-springcloud\material\nacos\data\protocol\raft\naming_service_metadata\log/000022.log immediately, rate_bytes_per_sec 0, total_trash_size 0 max_trash_db_ratio 0.250000
2024/11/30-18:14:39.209718 2a70 [db\db_impl\db_impl_open.cc:2150] SstFileManager instance 0000024418B0DA10
2024/11/30-18:14:39.211804 2a70 DB pointer 00000243CE90BA40
2024/11/30-18:14:48.212699 2738 [db\db_impl\db_impl.cc:1141] ------- DUMPING STATS -------
2024/11/30-18:14:48.212724 2738 [db\db_impl\db_impl.cc:1142] 
** DB Stats **
Uptime(secs): 9.1 total, 9.1 interval
Cumulative writes: 6 writes, 7 keys, 6 commit groups, 1.0 writes per commit group, ingest: 0.00 GB, 0.00 MB/s
Cumulative WAL: 6 writes, 2 syncs, 3.00 writes per sync, written: 0.00 GB, 0.00 MB/s
Cumulative stall: 00:00:0.000 H:M:S, 0.0 percent
Interval writes: 6 writes, 7 keys, 6 commit groups, 1.0 writes per commit group, ingest: 0.00 MB, 0.00 MB/s
Interval WAL: 6 writes, 2 syncs, 3.00 writes per sync, written: 0.00 GB, 0.00 MB/s
Interval stall: 00:00:0.000 H:M:S, 0.0 percent
Write Stall (count): write-buffer-manager-limit-stops: 0

** Compaction Stats [default] **
Level    Files   Size     Score Read(GB)  Rn(GB) Rnp1(GB) Write(GB) Wnew(GB) Moved(GB) W-Amp Rd(MB/s) Wr(MB/s) Comp(sec) CompMergeCPU(sec) Comp(cnt) Avg(sec) KeyIn KeyDrop Rblob(GB) Wblob(GB)
------------------------------------------------------------------------------------------------------------------------------------------------------------------------------------------------
  L0      4/0    4.57 KB   0.4      0.0     0.0      0.0       0.0      0.0       0.0   1.0      0.0      0.3      0.00              0.00         1    0.004       0      0       0.0       0.0
 Sum      4/0    4.57 KB   0.0      0.0     0.0      0.0       0.0      0.0       0.0   1.0      0.0      0.3      0.00              0.00         1    0.004       0      0       0.0       0.0
 Int      0/0    0.00 KB   0.0      0.0     0.0      0.0       0.0      0.0       0.0   1.0      0.0      0.3      0.00              0.00         1    0.004       0      0       0.0       0.0

** Compaction Stats [default] **
Priority    Files   Size     Score Read(GB)  Rn(GB) Rnp1(GB) Write(GB) Wnew(GB) Moved(GB) W-Amp Rd(MB/s) Wr(MB/s) Comp(sec) CompMergeCPU(sec) Comp(cnt) Avg(sec) KeyIn KeyDrop Rblob(GB) Wblob(GB)
---------------------------------------------------------------------------------------------------------------------------------------------------------------------------------------------------
User      0/0    0.00 KB   0.0      0.0     0.0      0.0       0.0      0.0       0.0   0.0      0.0      0.3      0.00              0.00         1    0.004       0      0       0.0       0.0

Blob file count: 0, total size: 0.0 GB, garbage size: 0.0 GB, space amp: 0.0

Uptime(secs): 9.1 total, 9.1 interval
Flush(GB): cumulative 0.000, interval 0.000
AddFile(GB): cumulative 0.000, interval 0.000
AddFile(Total Files): cumulative 0, interval 0
AddFile(L0 Files): cumulative 0, interval 0
AddFile(Keys): cumulative 0, interval 0
Cumulative compaction: 0.00 GB write, 0.00 MB/s write, 0.00 GB read, 0.00 MB/s read, 0.0 seconds
Interval compaction: 0.00 GB write, 0.00 MB/s write, 0.00 GB read, 0.00 MB/s read, 0.0 seconds
Write Stall (count): cf-l0-file-count-limit-delays-with-ongoing-compaction: 0, cf-l0-file-count-limit-stops-with-ongoing-compaction: 0, l0-file-count-limit-delays: 0, l0-file-count-limit-stops: 0, memtable-limit-delays: 0, memtable-limit-stops: 0, pending-compaction-bytes-delays: 0, pending-compaction-bytes-stops: 0, total-delays: 0, total-stops: 0
Block cache LRUCache@000002441ABB8B50#10000 capacity: 8.00 MB seed: 1085131344 usage: 4.80 KB table_size: 256 occupancy: 23 collections: 1 last_copies: 1 last_secs: 0.00012 secs_since: 0
Block cache entry stats(count,size,portion): DataBlock(15,2.07 KB,0.0252962%) IndexBlock(7,0.78 KB,0.00948906%) Misc(1,0.00 KB,0%)

** File Read Latency Histogram By Level [default] **
** Level 0 read latency histogram (micros):
Count: 7 Average: 36.1429  StdDev: 45.93
Min: 5  Median: 18.5000  Max: 146
Percentiles: P50: 18.50 P75: 38.25 P99: 146.00 P99.9: 146.00 P99.99: 146.00
------------------------------------------------------
(       4,       6 ]        2  28.571%  28.571% ######
(      10,      15 ]        1  14.286%  42.857% ###
(      15,      22 ]        1  14.286%  57.143% ###
(      22,      34 ]        1  14.286%  71.429% ###
(      34,      51 ]        1  14.286%  85.714% ###
(     110,     170 ]        1  14.286% 100.000% ###


** Compaction Stats [Configuration] **
Level    Files   Size     Score Read(GB)  Rn(GB) Rnp1(GB) Write(GB) Wnew(GB) Moved(GB) W-Amp Rd(MB/s) Wr(MB/s) Comp(sec) CompMergeCPU(sec) Comp(cnt) Avg(sec) KeyIn KeyDrop Rblob(GB) Wblob(GB)
------------------------------------------------------------------------------------------------------------------------------------------------------------------------------------------------
  L0      4/0    4.89 KB   0.4      0.0     0.0      0.0       0.0      0.0       0.0   1.0      0.0      0.3      0.00              0.00         1    0.004       0      0       0.0       0.0
 Sum      4/0    4.89 KB   0.0      0.0     0.0      0.0       0.0      0.0       0.0   1.0      0.0      0.3      0.00              0.00         1    0.004       0      0       0.0       0.0
 Int      0/0    0.00 KB   0.0      0.0     0.0      0.0       0.0      0.0       0.0   1.0      0.0      0.3      0.00              0.00         1    0.004       0      0       0.0       0.0

** Compaction Stats [Configuration] **
Priority    Files   Size     Score Read(GB)  Rn(GB) Rnp1(GB) Write(GB) Wnew(GB) Moved(GB) W-Amp Rd(MB/s) Wr(MB/s) Comp(sec) CompMergeCPU(sec) Comp(cnt) Avg(sec) KeyIn KeyDrop Rblob(GB) Wblob(GB)
---------------------------------------------------------------------------------------------------------------------------------------------------------------------------------------------------
User      0/0    0.00 KB   0.0      0.0     0.0      0.0       0.0      0.0       0.0   0.0      0.0      0.3      0.00              0.00         1    0.004       0      0       0.0       0.0

Blob file count: 0, total size: 0.0 GB, garbage size: 0.0 GB, space amp: 0.0

Uptime(secs): 9.1 total, 9.1 interval
Flush(GB): cumulative 0.000, interval 0.000
AddFile(GB): cumulative 0.000, interval 0.000
AddFile(Total Files): cumulative 0, interval 0
AddFile(L0 Files): cumulative 0, interval 0
AddFile(Keys): cumulative 0, interval 0
Cumulative compaction: 0.00 GB write, 0.00 MB/s write, 0.00 GB read, 0.00 MB/s read, 0.0 seconds
Interval compaction: 0.00 GB write, 0.00 MB/s write, 0.00 GB read, 0.00 MB/s read, 0.0 seconds
Write Stall (count): cf-l0-file-count-limit-delays-with-ongoing-compaction: 0, cf-l0-file-count-limit-stops-with-ongoing-compaction: 0, l0-file-count-limit-delays: 0, l0-file-count-limit-stops: 0, memtable-limit-delays: 0, memtable-limit-stops: 0, pending-compaction-bytes-delays: 0, pending-compaction-bytes-stops: 0, total-delays: 0, total-stops: 0
Block cache LRUCache@000002441ABB8B50#10000 capacity: 8.00 MB seed: 1085131344 usage: 4.80 KB table_size: 256 occupancy: 23 collections: 1 last_copies: 1 last_secs: 0.00012 secs_since: 0
