2024/11/30-18:14:39.048493 2a70 RocksDB version: 8.8.1
2024/11/30-18:14:39.048580 2a70 Git sha 986b8b9f20893dec811d8ecdb97b6a47f20d322d
2024/11/30-18:14:39.048604 2a70 Compile date 2023-11-23 10:47:11
2024/11/30-18:14:39.048619 2a70 DB SUMMARY
2024/11/30-18:14:39.048639 2a70 Host name (Env):  LAPTOP-COHAQ1BR
2024/11/30-18:14:39.048652 2a70 DB Session ID:  GW7B6RN4JW4JXHZQLES0
2024/11/30-18:14:39.049916 2a70 CURRENT file:  CURRENT
2024/11/30-18:14:39.049953 2a70 IDENTITY file:  IDENTITY
2024/11/30-18:14:39.050043 2a70 MANIFEST file:  MANIFEST-000023 size: 775 Bytes
2024/11/30-18:14:39.050064 2a70 SST files in D:\知识\java-knowledge\k-springcloud\material\nacos\data\protocol\raft\naming_instance_metadata\log dir, Total Num: 6, files: 000008.sst 000009.sst 000014.sst 000015.sst 000020.sst 000021.sst 
2024/11/30-18:14:39.050214 2a70 Write Ahead Log file in D:\知识\java-knowledge\k-springcloud\material\nacos\data\protocol\raft\naming_instance_metadata\log: 000022.log size: 313 ; 
2024/11/30-18:14:39.050227 2a70                         Options.error_if_exists: 0
2024/11/30-18:14:39.050232 2a70                       Options.create_if_missing: 1
2024/11/30-18:14:39.050237 2a70                         Options.paranoid_checks: 1
2024/11/30-18:14:39.050241 2a70             Options.flush_verify_memtable_count: 1
2024/11/30-18:14:39.050246 2a70          Options.compaction_verify_record_count: 1
2024/11/30-18:14:39.050250 2a70                               Options.track_and_verify_wals_in_manifest: 0
2024/11/30-18:14:39.050255 2a70        Options.verify_sst_unique_id_in_manifest: 1
2024/11/30-18:14:39.050259 2a70                                     Options.env: 0000024415885F50
2024/11/30-18:14:39.050264 2a70                                      Options.fs: WinFS
2024/11/30-18:14:39.050269 2a70                                Options.info_log: 00000244183EB190
2024/11/30-18:14:39.050274 2a70                Options.max_file_opening_threads: 16
2024/11/30-18:14:39.050278 2a70                              Options.statistics: 0000024417937910
2024/11/30-18:14:39.050283 2a70                              Options.statistics stats level: 3
2024/11/30-18:14:39.050287 2a70                               Options.use_fsync: 0
2024/11/30-18:14:39.050292 2a70                       Options.max_log_file_size: 0
2024/11/30-18:14:39.050297 2a70                  Options.max_manifest_file_size: 1073741824
2024/11/30-18:14:39.050302 2a70                   Options.log_file_time_to_roll: 0
2024/11/30-18:14:39.050306 2a70                       Options.keep_log_file_num: 100
2024/11/30-18:14:39.050311 2a70                    Options.recycle_log_file_num: 0
2024/11/30-18:14:39.050316 2a70                         Options.allow_fallocate: 1
2024/11/30-18:14:39.050320 2a70                        Options.allow_mmap_reads: 0
2024/11/30-18:14:39.050325 2a70                       Options.allow_mmap_writes: 0
2024/11/30-18:14:39.050329 2a70                        Options.use_direct_reads: 0
2024/11/30-18:14:39.050334 2a70                        Options.use_direct_io_for_flush_and_compaction: 0
2024/11/30-18:14:39.050339 2a70          Options.create_missing_column_families: 1
2024/11/30-18:14:39.050343 2a70                              Options.db_log_dir: 
2024/11/30-18:14:39.050348 2a70                                 Options.wal_dir: 
2024/11/30-18:14:39.050352 2a70                Options.table_cache_numshardbits: 6
2024/11/30-18:14:39.050356 2a70                         Options.WAL_ttl_seconds: 0
2024/11/30-18:14:39.050361 2a70                       Options.WAL_size_limit_MB: 0
2024/11/30-18:14:39.050365 2a70                        Options.max_write_batch_group_size_bytes: 1048576
2024/11/30-18:14:39.050370 2a70             Options.manifest_preallocation_size: 4194304
2024/11/30-18:14:39.050375 2a70                     Options.is_fd_close_on_exec: 1
2024/11/30-18:14:39.050379 2a70                   Options.advise_random_on_open: 1
2024/11/30-18:14:39.050383 2a70                    Options.db_write_buffer_size: 0
2024/11/30-18:14:39.050388 2a70                    Options.write_buffer_manager: 000002441ABB9A40
2024/11/30-18:14:39.050435 2a70         Options.access_hint_on_compaction_start: 1
2024/11/30-18:14:39.050444 2a70           Options.random_access_max_buffer_size: 1048576
2024/11/30-18:14:39.050450 2a70                      Options.use_adaptive_mutex: 0
2024/11/30-18:14:39.050455 2a70                            Options.rate_limiter: 0000000000000000
2024/11/30-18:14:39.050460 2a70     Options.sst_file_manager.rate_bytes_per_sec: 0
2024/11/30-18:14:39.050465 2a70                       Options.wal_recovery_mode: 2
2024/11/30-18:14:39.050470 2a70                  Options.enable_thread_tracking: 0
2024/11/30-18:14:39.050474 2a70                  Options.enable_pipelined_write: 0
2024/11/30-18:14:39.050479 2a70                  Options.unordered_write: 0
2024/11/30-18:14:39.050483 2a70         Options.allow_concurrent_memtable_write: 1
2024/11/30-18:14:39.050488 2a70      Options.enable_write_thread_adaptive_yield: 1
2024/11/30-18:14:39.050493 2a70             Options.write_thread_max_yield_usec: 100
2024/11/30-18:14:39.050498 2a70            Options.write_thread_slow_yield_usec: 3
2024/11/30-18:14:39.050503 2a70                               Options.row_cache: None
2024/11/30-18:14:39.050507 2a70                              Options.wal_filter: None
2024/11/30-18:14:39.050512 2a70             Options.avoid_flush_during_recovery: 0
2024/11/30-18:14:39.050516 2a70             Options.allow_ingest_behind: 0
2024/11/30-18:14:39.050520 2a70             Options.two_write_queues: 0
2024/11/30-18:14:39.050525 2a70             Options.manual_wal_flush: 0
2024/11/30-18:14:39.050529 2a70             Options.wal_compression: 0
2024/11/30-18:14:39.050534 2a70             Options.atomic_flush: 0
2024/11/30-18:14:39.050538 2a70             Options.avoid_unnecessary_blocking_io: 0
2024/11/30-18:14:39.050543 2a70                 Options.persist_stats_to_disk: 0
2024/11/30-18:14:39.050547 2a70                 Options.write_dbid_to_manifest: 0
2024/11/30-18:14:39.050551 2a70                 Options.log_readahead_size: 0
2024/11/30-18:14:39.050556 2a70                 Options.file_checksum_gen_factory: Unknown
2024/11/30-18:14:39.050560 2a70                 Options.best_efforts_recovery: 0
2024/11/30-18:14:39.050565 2a70                Options.max_bgerror_resume_count: 2147483647
2024/11/30-18:14:39.050570 2a70            Options.bgerror_resume_retry_interval: 1000000
2024/11/30-18:14:39.050574 2a70             Options.allow_data_in_errors: 0
2024/11/30-18:14:39.050579 2a70             Options.db_host_id: __hostname__
2024/11/30-18:14:39.050583 2a70             Options.enforce_single_del_contracts: true
2024/11/30-18:14:39.050588 2a70             Options.max_background_jobs: 2
2024/11/30-18:14:39.050592 2a70             Options.max_background_compactions: -1
2024/11/30-18:14:39.050597 2a70             Options.max_subcompactions: 1
2024/11/30-18:14:39.050602 2a70             Options.avoid_flush_during_shutdown: 0
2024/11/30-18:14:39.050607 2a70           Options.writable_file_max_buffer_size: 1048576
2024/11/30-18:14:39.050611 2a70             Options.delayed_write_rate : 16777216
2024/11/30-18:14:39.050616 2a70             Options.max_total_wal_size: 1073741824
2024/11/30-18:14:39.050620 2a70             Options.delete_obsolete_files_period_micros: 21600000000
2024/11/30-18:14:39.050625 2a70                   Options.stats_dump_period_sec: 600
2024/11/30-18:14:39.050630 2a70                 Options.stats_persist_period_sec: 600
2024/11/30-18:14:39.050635 2a70                 Options.stats_history_buffer_size: 1048576
2024/11/30-18:14:39.050640 2a70                          Options.max_open_files: -1
2024/11/30-18:14:39.050645 2a70                          Options.bytes_per_sync: 0
2024/11/30-18:14:39.050650 2a70                      Options.wal_bytes_per_sync: 0
2024/11/30-18:14:39.050654 2a70                   Options.strict_bytes_per_sync: 0
2024/11/30-18:14:39.050658 2a70       Options.compaction_readahead_size: 2097152
2024/11/30-18:14:39.050663 2a70                  Options.max_background_flushes: -1
2024/11/30-18:14:39.050711 2a70 Options.daily_offpeak_time_utc: 
2024/11/30-18:14:39.050720 2a70 Compression algorithms supported:
2024/11/30-18:14:39.050725 2a70 	kZSTD supported: 1
2024/11/30-18:14:39.050731 2a70 	kSnappyCompression supported: 1
2024/11/30-18:14:39.050735 2a70 	kBZip2Compression supported: 0
2024/11/30-18:14:39.050740 2a70 	kZlibCompression supported: 1
2024/11/30-18:14:39.050745 2a70 	kLZ4Compression supported: 1
2024/11/30-18:14:39.050749 2a70 	kXpressCompression supported: 0
2024/11/30-18:14:39.050754 2a70 	kLZ4HCCompression supported: 1
2024/11/30-18:14:39.050759 2a70 	kZSTDNotFinalCompression supported: 1
2024/11/30-18:14:39.050767 2a70 Fast CRC32 supported: Not supported on x86
2024/11/30-18:14:39.050772 2a70 DMutex implementation: std::mutex
2024/11/30-18:14:39.052961 2a70 [db\version_set.cc:5906] Recovering from manifest file: D:\知识\java-knowledge\k-springcloud\material\nacos\data\protocol\raft\naming_instance_metadata\log/MANIFEST-000023
2024/11/30-18:14:39.053985 2a70 [db\column_family.cc:618] --------------- Options for column family [default]:
2024/11/30-18:14:39.054009 2a70               Options.comparator: leveldb.BytewiseComparator
2024/11/30-18:14:39.054014 2a70           Options.merge_operator: StringAppendOperator
2024/11/30-18:14:39.054018 2a70        Options.compaction_filter: None
2024/11/30-18:14:39.054021 2a70        Options.compaction_filter_factory: None
2024/11/30-18:14:39.054024 2a70  Options.sst_partitioner_factory: None
2024/11/30-18:14:39.054027 2a70         Options.memtable_factory: SkipListFactory
2024/11/30-18:14:39.054031 2a70            Options.table_factory: BlockBasedTable
2024/11/30-18:14:39.054067 2a70            table_factory options:   flush_block_policy_factory: FlushBlockBySizePolicyFactory (0000024415434E10)
  cache_index_and_filter_blocks: 0
  cache_index_and_filter_blocks_with_high_priority: 1
  pin_l0_filter_and_index_blocks_in_cache: 1
  pin_top_level_index_and_filter: 1
  index_type: 2
  data_block_index_type: 0
  index_shortening: 1
  data_block_hash_table_util_ratio: 0.750000
  checksum: 4
  no_block_cache: 0
  block_cache: 000002441ABB7D40
  block_cache_name: LRUCache
  block_cache_options:
    capacity : 8388608
    num_shard_bits : 4
    strict_capacity_limit : 0
    memory_allocator : None
    high_pri_pool_ratio: 0.500
    low_pri_pool_ratio: 0.000
  persistent_cache: 0000000000000000
  block_size: 4096
  block_size_deviation: 10
  block_restart_interval: 16
  index_block_restart_interval: 1
  metadata_block_size: 8192
  partition_filters: 1
  use_delta_encoding: 1
  filter_policy: nullptr
  whole_key_filtering: 1
  verify_compression: 0
  read_amp_bytes_per_bit: 0
  format_version: 5
  enable_index_compression: 1
  block_align: 0
  max_auto_readahead_size: 262144
  prepopulate_block_cache: 0
  initial_auto_readahead_size: 8192
  num_file_reads_for_auto_readahead: 2
2024/11/30-18:14:39.054086 2a70        Options.write_buffer_size: 67108864
2024/11/30-18:14:39.054091 2a70  Options.max_write_buffer_number: 3
2024/11/30-18:14:39.054094 2a70          Options.compression: Snappy
2024/11/30-18:14:39.054097 2a70                  Options.bottommost_compression: Disabled
2024/11/30-18:14:39.054100 2a70       Options.prefix_extractor: rocksdb.FixedPrefix
2024/11/30-18:14:39.054103 2a70   Options.memtable_insert_with_hint_prefix_extractor: nullptr
2024/11/30-18:14:39.054107 2a70             Options.num_levels: 7
2024/11/30-18:14:39.054110 2a70        Options.min_write_buffer_number_to_merge: 1
2024/11/30-18:14:39.054113 2a70     Options.max_write_buffer_number_to_maintain: 0
2024/11/30-18:14:39.054116 2a70     Options.max_write_buffer_size_to_maintain: 0
2024/11/30-18:14:39.054119 2a70            Options.bottommost_compression_opts.window_bits: -14
2024/11/30-18:14:39.054123 2a70                  Options.bottommost_compression_opts.level: 32767
2024/11/30-18:14:39.054126 2a70               Options.bottommost_compression_opts.strategy: 0
2024/11/30-18:14:39.054129 2a70         Options.bottommost_compression_opts.max_dict_bytes: 0
2024/11/30-18:14:39.054133 2a70         Options.bottommost_compression_opts.zstd_max_train_bytes: 0
2024/11/30-18:14:39.054140 2a70         Options.bottommost_compression_opts.parallel_threads: 1
2024/11/30-18:14:39.054145 2a70                  Options.bottommost_compression_opts.enabled: false
2024/11/30-18:14:39.054149 2a70         Options.bottommost_compression_opts.max_dict_buffer_bytes: 0
2024/11/30-18:14:39.054152 2a70         Options.bottommost_compression_opts.use_zstd_dict_trainer: true
2024/11/30-18:14:39.054155 2a70            Options.compression_opts.window_bits: -14
2024/11/30-18:14:39.054159 2a70                  Options.compression_opts.level: 32767
2024/11/30-18:14:39.054162 2a70               Options.compression_opts.strategy: 0
2024/11/30-18:14:39.054165 2a70         Options.compression_opts.max_dict_bytes: 0
2024/11/30-18:14:39.054168 2a70         Options.compression_opts.zstd_max_train_bytes: 0
2024/11/30-18:14:39.054172 2a70         Options.compression_opts.use_zstd_dict_trainer: true
2024/11/30-18:14:39.054175 2a70         Options.compression_opts.parallel_threads: 1
2024/11/30-18:14:39.054178 2a70                  Options.compression_opts.enabled: false
2024/11/30-18:14:39.054181 2a70         Options.compression_opts.max_dict_buffer_bytes: 0
2024/11/30-18:14:39.054184 2a70      Options.level0_file_num_compaction_trigger: 10
2024/11/30-18:14:39.054188 2a70          Options.level0_slowdown_writes_trigger: 20
2024/11/30-18:14:39.054191 2a70              Options.level0_stop_writes_trigger: 40
2024/11/30-18:14:39.054194 2a70                   Options.target_file_size_base: 67108864
2024/11/30-18:14:39.054197 2a70             Options.target_file_size_multiplier: 1
2024/11/30-18:14:39.054201 2a70                Options.max_bytes_for_level_base: 536870912
2024/11/30-18:14:39.054204 2a70 Options.level_compaction_dynamic_level_bytes: 1
2024/11/30-18:14:39.054207 2a70          Options.max_bytes_for_level_multiplier: 10.000000
2024/11/30-18:14:39.054211 2a70 Options.max_bytes_for_level_multiplier_addtl[0]: 1
2024/11/30-18:14:39.054214 2a70 Options.max_bytes_for_level_multiplier_addtl[1]: 1
2024/11/30-18:14:39.054218 2a70 Options.max_bytes_for_level_multiplier_addtl[2]: 1
2024/11/30-18:14:39.054221 2a70 Options.max_bytes_for_level_multiplier_addtl[3]: 1
2024/11/30-18:14:39.054224 2a70 Options.max_bytes_for_level_multiplier_addtl[4]: 1
2024/11/30-18:14:39.054227 2a70 Options.max_bytes_for_level_multiplier_addtl[5]: 1
2024/11/30-18:14:39.054231 2a70 Options.max_bytes_for_level_multiplier_addtl[6]: 1
2024/11/30-18:14:39.054234 2a70       Options.max_sequential_skip_in_iterations: 8
2024/11/30-18:14:39.054238 2a70                    Options.max_compaction_bytes: 1677721600
2024/11/30-18:14:39.054243 2a70   Options.ignore_max_compaction_bytes_for_input: true
2024/11/30-18:14:39.054246 2a70                        Options.arena_block_size: 1048576
2024/11/30-18:14:39.054251 2a70   Options.soft_pending_compaction_bytes_limit: 68719476736
2024/11/30-18:14:39.054255 2a70   Options.hard_pending_compaction_bytes_limit: 274877906944
2024/11/30-18:14:39.054259 2a70                Options.disable_auto_compactions: 0
2024/11/30-18:14:39.054266 2a70                        Options.compaction_style: kCompactionStyleLevel
2024/11/30-18:14:39.054271 2a70                          Options.compaction_pri: kMinOverlappingRatio
2024/11/30-18:14:39.054275 2a70 Options.compaction_options_universal.size_ratio: 1
2024/11/30-18:14:39.054278 2a70 Options.compaction_options_universal.min_merge_width: 2
2024/11/30-18:14:39.054283 2a70 Options.compaction_options_universal.max_merge_width: 4294967295
2024/11/30-18:14:39.054288 2a70 Options.compaction_options_universal.max_size_amplification_percent: 200
2024/11/30-18:14:39.054293 2a70 Options.compaction_options_universal.compression_size_percent: -1
2024/11/30-18:14:39.054297 2a70 Options.compaction_options_universal.stop_style: kCompactionStopStyleTotalSize
2024/11/30-18:14:39.054302 2a70 Options.compaction_options_fifo.max_table_files_size: 1073741824
2024/11/30-18:14:39.054307 2a70 Options.compaction_options_fifo.allow_compaction: 0
2024/11/30-18:14:39.054377 2a70                   Options.table_properties_collectors: 
2024/11/30-18:14:39.054385 2a70                   Options.inplace_update_support: 0
2024/11/30-18:14:39.054390 2a70                 Options.inplace_update_num_locks: 10000
2024/11/30-18:14:39.054394 2a70               Options.memtable_prefix_bloom_size_ratio: 0.125000
2024/11/30-18:14:39.054400 2a70               Options.memtable_whole_key_filtering: 0
2024/11/30-18:14:39.054404 2a70   Options.memtable_huge_page_size: 0
2024/11/30-18:14:39.054409 2a70                           Options.bloom_locality: 0
2024/11/30-18:14:39.054413 2a70                    Options.max_successive_merges: 0
2024/11/30-18:14:39.054418 2a70                Options.optimize_filters_for_hits: 0
2024/11/30-18:14:39.054421 2a70                Options.paranoid_file_checks: 0
2024/11/30-18:14:39.054426 2a70                Options.force_consistency_checks: 1
2024/11/30-18:14:39.054430 2a70                Options.report_bg_io_stats: 0
2024/11/30-18:14:39.054435 2a70                               Options.ttl: 2592000
2024/11/30-18:14:39.054440 2a70          Options.periodic_compaction_seconds: 0
2024/11/30-18:14:39.054445 2a70                        Options.default_temperature: kUnknown
2024/11/30-18:14:39.054449 2a70  Options.preclude_last_level_data_seconds: 0
2024/11/30-18:14:39.054453 2a70    Options.preserve_internal_time_seconds: 0
2024/11/30-18:14:39.054457 2a70                       Options.enable_blob_files: false
2024/11/30-18:14:39.054462 2a70                           Options.min_blob_size: 0
2024/11/30-18:14:39.054467 2a70                          Options.blob_file_size: 268435456
2024/11/30-18:14:39.054471 2a70                   Options.blob_compression_type: NoCompression
2024/11/30-18:14:39.054476 2a70          Options.enable_blob_garbage_collection: false
2024/11/30-18:14:39.054480 2a70      Options.blob_garbage_collection_age_cutoff: 0.250000
2024/11/30-18:14:39.054486 2a70 Options.blob_garbage_collection_force_threshold: 1.000000
2024/11/30-18:14:39.054491 2a70          Options.blob_compaction_readahead_size: 0
2024/11/30-18:14:39.054495 2a70                Options.blob_file_starting_level: 0
2024/11/30-18:14:39.054499 2a70         Options.experimental_mempurge_threshold: 0.000000
2024/11/30-18:14:39.054504 2a70            Options.memtable_max_range_deletions: 0
2024/11/30-18:14:39.056767 2a70 [db\column_family.cc:618] --------------- Options for column family [Configuration]:
2024/11/30-18:14:39.056786 2a70               Options.comparator: leveldb.BytewiseComparator
2024/11/30-18:14:39.056791 2a70           Options.merge_operator: StringAppendOperator
2024/11/30-18:14:39.056794 2a70        Options.compaction_filter: None
2024/11/30-18:14:39.056797 2a70        Options.compaction_filter_factory: None
2024/11/30-18:14:39.056800 2a70  Options.sst_partitioner_factory: None
2024/11/30-18:14:39.056804 2a70         Options.memtable_factory: SkipListFactory
2024/11/30-18:14:39.056807 2a70            Options.table_factory: BlockBasedTable
2024/11/30-18:14:39.056845 2a70            table_factory options:   flush_block_policy_factory: FlushBlockBySizePolicyFactory (0000024415434E10)
  cache_index_and_filter_blocks: 0
  cache_index_and_filter_blocks_with_high_priority: 1
  pin_l0_filter_and_index_blocks_in_cache: 1
  pin_top_level_index_and_filter: 1
  index_type: 2
  data_block_index_type: 0
  index_shortening: 1
  data_block_hash_table_util_ratio: 0.750000
  checksum: 4
  no_block_cache: 0
  block_cache: 000002441ABB7D40
  block_cache_name: LRUCache
  block_cache_options:
    capacity : 8388608
    num_shard_bits : 4
    strict_capacity_limit : 0
    memory_allocator : None
    high_pri_pool_ratio: 0.500
    low_pri_pool_ratio: 0.000
  persistent_cache: 0000000000000000
  block_size: 4096
  block_size_deviation: 10
  block_restart_interval: 16
  index_block_restart_interval: 1
  metadata_block_size: 8192
  partition_filters: 1
  use_delta_encoding: 1
  filter_policy: nullptr
  whole_key_filtering: 1
  verify_compression: 0
  read_amp_bytes_per_bit: 0
  format_version: 5
  enable_index_compression: 1
  block_align: 0
  max_auto_readahead_size: 262144
  prepopulate_block_cache: 0
  initial_auto_readahead_size: 8192
  num_file_reads_for_auto_readahead: 2
2024/11/30-18:14:39.056861 2a70        Options.write_buffer_size: 67108864
2024/11/30-18:14:39.056865 2a70  Options.max_write_buffer_number: 3
2024/11/30-18:14:39.056869 2a70          Options.compression: Snappy
2024/11/30-18:14:39.056872 2a70                  Options.bottommost_compression: Disabled
2024/11/30-18:14:39.056875 2a70       Options.prefix_extractor: rocksdb.FixedPrefix
2024/11/30-18:14:39.056879 2a70   Options.memtable_insert_with_hint_prefix_extractor: nullptr
2024/11/30-18:14:39.056882 2a70             Options.num_levels: 7
2024/11/30-18:14:39.056886 2a70        Options.min_write_buffer_number_to_merge: 1
2024/11/30-18:14:39.056889 2a70     Options.max_write_buffer_number_to_maintain: 0
2024/11/30-18:14:39.056892 2a70     Options.max_write_buffer_size_to_maintain: 0
2024/11/30-18:14:39.056896 2a70            Options.bottommost_compression_opts.window_bits: -14
2024/11/30-18:14:39.056899 2a70                  Options.bottommost_compression_opts.level: 32767
2024/11/30-18:14:39.056902 2a70               Options.bottommost_compression_opts.strategy: 0
2024/11/30-18:14:39.056905 2a70         Options.bottommost_compression_opts.max_dict_bytes: 0
2024/11/30-18:14:39.056909 2a70         Options.bottommost_compression_opts.zstd_max_train_bytes: 0
2024/11/30-18:14:39.056912 2a70         Options.bottommost_compression_opts.parallel_threads: 1
2024/11/30-18:14:39.056915 2a70                  Options.bottommost_compression_opts.enabled: false
2024/11/30-18:14:39.056918 2a70         Options.bottommost_compression_opts.max_dict_buffer_bytes: 0
2024/11/30-18:14:39.056922 2a70         Options.bottommost_compression_opts.use_zstd_dict_trainer: true
2024/11/30-18:14:39.056925 2a70            Options.compression_opts.window_bits: -14
2024/11/30-18:14:39.056928 2a70                  Options.compression_opts.level: 32767
2024/11/30-18:14:39.056931 2a70               Options.compression_opts.strategy: 0
2024/11/30-18:14:39.056934 2a70         Options.compression_opts.max_dict_bytes: 0
2024/11/30-18:14:39.056937 2a70         Options.compression_opts.zstd_max_train_bytes: 0
2024/11/30-18:14:39.056941 2a70         Options.compression_opts.use_zstd_dict_trainer: true
2024/11/30-18:14:39.056944 2a70         Options.compression_opts.parallel_threads: 1
2024/11/30-18:14:39.056947 2a70                  Options.compression_opts.enabled: false
2024/11/30-18:14:39.056950 2a70         Options.compression_opts.max_dict_buffer_bytes: 0
2024/11/30-18:14:39.056953 2a70      Options.level0_file_num_compaction_trigger: 10
2024/11/30-18:14:39.056957 2a70          Options.level0_slowdown_writes_trigger: 20
2024/11/30-18:14:39.056960 2a70              Options.level0_stop_writes_trigger: 40
2024/11/30-18:14:39.056963 2a70                   Options.target_file_size_base: 67108864
2024/11/30-18:14:39.056966 2a70             Options.target_file_size_multiplier: 1
2024/11/30-18:14:39.056969 2a70                Options.max_bytes_for_level_base: 536870912
2024/11/30-18:14:39.056972 2a70 Options.level_compaction_dynamic_level_bytes: 1
2024/11/30-18:14:39.056975 2a70          Options.max_bytes_for_level_multiplier: 10.000000
2024/11/30-18:14:39.056979 2a70 Options.max_bytes_for_level_multiplier_addtl[0]: 1
2024/11/30-18:14:39.056983 2a70 Options.max_bytes_for_level_multiplier_addtl[1]: 1
2024/11/30-18:14:39.056986 2a70 Options.max_bytes_for_level_multiplier_addtl[2]: 1
2024/11/30-18:14:39.056989 2a70 Options.max_bytes_for_level_multiplier_addtl[3]: 1
2024/11/30-18:14:39.056992 2a70 Options.max_bytes_for_level_multiplier_addtl[4]: 1
2024/11/30-18:14:39.056995 2a70 Options.max_bytes_for_level_multiplier_addtl[5]: 1
2024/11/30-18:14:39.056999 2a70 Options.max_bytes_for_level_multiplier_addtl[6]: 1
2024/11/30-18:14:39.057002 2a70       Options.max_sequential_skip_in_iterations: 8
2024/11/30-18:14:39.057005 2a70                    Options.max_compaction_bytes: 1677721600
2024/11/30-18:14:39.057009 2a70   Options.ignore_max_compaction_bytes_for_input: true
2024/11/30-18:14:39.057013 2a70                        Options.arena_block_size: 1048576
2024/11/30-18:14:39.057016 2a70   Options.soft_pending_compaction_bytes_limit: 68719476736
2024/11/30-18:14:39.057020 2a70   Options.hard_pending_compaction_bytes_limit: 274877906944
2024/11/30-18:14:39.057023 2a70                Options.disable_auto_compactions: 0
2024/11/30-18:14:39.057027 2a70                        Options.compaction_style: kCompactionStyleLevel
2024/11/30-18:14:39.057030 2a70                          Options.compaction_pri: kMinOverlappingRatio
2024/11/30-18:14:39.057034 2a70 Options.compaction_options_universal.size_ratio: 1
2024/11/30-18:14:39.057037 2a70 Options.compaction_options_universal.min_merge_width: 2
2024/11/30-18:14:39.057040 2a70 Options.compaction_options_universal.max_merge_width: 4294967295
2024/11/30-18:14:39.057043 2a70 Options.compaction_options_universal.max_size_amplification_percent: 200
2024/11/30-18:14:39.057046 2a70 Options.compaction_options_universal.compression_size_percent: -1
2024/11/30-18:14:39.057050 2a70 Options.compaction_options_universal.stop_style: kCompactionStopStyleTotalSize
2024/11/30-18:14:39.057053 2a70 Options.compaction_options_fifo.max_table_files_size: 1073741824
2024/11/30-18:14:39.057057 2a70 Options.compaction_options_fifo.allow_compaction: 0
2024/11/30-18:14:39.057063 2a70                   Options.table_properties_collectors: 
2024/11/30-18:14:39.057067 2a70                   Options.inplace_update_support: 0
2024/11/30-18:14:39.057070 2a70                 Options.inplace_update_num_locks: 10000
2024/11/30-18:14:39.057073 2a70               Options.memtable_prefix_bloom_size_ratio: 0.125000
2024/11/30-18:14:39.057077 2a70               Options.memtable_whole_key_filtering: 0
2024/11/30-18:14:39.057080 2a70   Options.memtable_huge_page_size: 0
2024/11/30-18:14:39.057083 2a70                           Options.bloom_locality: 0
2024/11/30-18:14:39.057087 2a70                    Options.max_successive_merges: 0
2024/11/30-18:14:39.057091 2a70                Options.optimize_filters_for_hits: 0
2024/11/30-18:14:39.057096 2a70                Options.paranoid_file_checks: 0
2024/11/30-18:14:39.057102 2a70                Options.force_consistency_checks: 1
2024/11/30-18:14:39.057108 2a70                Options.report_bg_io_stats: 0
2024/11/30-18:14:39.057113 2a70                               Options.ttl: 2592000
2024/11/30-18:14:39.057117 2a70          Options.periodic_compaction_seconds: 0
2024/11/30-18:14:39.057121 2a70                        Options.default_temperature: kUnknown
2024/11/30-18:14:39.057126 2a70  Options.preclude_last_level_data_seconds: 0
2024/11/30-18:14:39.057131 2a70    Options.preserve_internal_time_seconds: 0
2024/11/30-18:14:39.057135 2a70                       Options.enable_blob_files: false
2024/11/30-18:14:39.057140 2a70                           Options.min_blob_size: 0
2024/11/30-18:14:39.057143 2a70                          Options.blob_file_size: 268435456
2024/11/30-18:14:39.057147 2a70                   Options.blob_compression_type: NoCompression
2024/11/30-18:14:39.057150 2a70          Options.enable_blob_garbage_collection: false
2024/11/30-18:14:39.057153 2a70      Options.blob_garbage_collection_age_cutoff: 0.250000
2024/11/30-18:14:39.057157 2a70 Options.blob_garbage_collection_force_threshold: 1.000000
2024/11/30-18:14:39.057161 2a70          Options.blob_compaction_readahead_size: 0
2024/11/30-18:14:39.057165 2a70                Options.blob_file_starting_level: 0
2024/11/30-18:14:39.057169 2a70         Options.experimental_mempurge_threshold: 0.000000
2024/11/30-18:14:39.057175 2a70            Options.memtable_max_range_deletions: 0
2024/11/30-18:14:39.064437 2a70 [db\version_set.cc:5957] Recovered from manifest file:D:\知识\java-knowledge\k-springcloud\material\nacos\data\protocol\raft\naming_instance_metadata\log/MANIFEST-000023 succeeded,manifest_file_number is 23, next_file_number is 25, last_sequence is 20, log_number is 17,prev_log_number is 0,max_column_family is 1,min_log_number_to_keep is 17
2024/11/30-18:14:39.064465 2a70 [db\version_set.cc:5966] Column family [default] (ID 0), log number is 17
2024/11/30-18:14:39.064472 2a70 [db\version_set.cc:5966] Column family [Configuration] (ID 1), log number is 17
2024/11/30-18:14:39.064991 2a70 [db\db_impl\db_impl_open.cc:646] DB ID: 0c695251-ae40-11ef-aece-8032539efea9
2024/11/30-18:14:39.067917 2a70 EVENT_LOG_v1 {"time_micros": 1732961679067905, "job": 1, "event": "recovery_started", "wal_files": [22]}
2024/11/30-18:14:39.067940 2a70 [db\db_impl\db_impl_open.cc:1145] Recovering log #22 mode 2
2024/11/30-18:14:39.073784 2a70 EVENT_LOG_v1 {"time_micros": 1732961679073722, "cf_name": "default", "job": 1, "event": "table_file_creation", "file_number": 26, "file_size": 1204, "file_checksum": "", "file_checksum_func_name": "Unknown", "smallest_seqno": 21, "largest_seqno": 26, "table_properties": {"data_size": 66, "index_size": 45, "index_partitions": 1, "top_level_index_size": 20, "index_key_is_user_key": 1, "index_value_is_delta_encoded": 1, "filter_size": 0, "raw_key_size": 32, "raw_average_key_size": 16, "raw_value_size": 42, "raw_average_value_size": 21, "num_data_blocks": 1, "num_entries": 2, "num_filter_entries": 0, "num_deletions": 1, "num_merge_operands": 0, "num_range_deletions": 1, "format_version": 0, "fixed_key_len": 0, "filter_policy": "", "column_family_name": "default", "column_family_id": 0, "comparator": "leveldb.BytewiseComparator", "user_defined_timestamps_persisted": 1, "merge_operator": "StringAppendOperator", "prefix_extractor_name": "rocksdb.FixedPrefix.8", "property_collectors": "[]", "compression": "Snappy", "compression_options": "window_bits=-14; level=32767; strategy=0; max_dict_bytes=0; zstd_max_train_bytes=0; enabled=0; max_dict_buffer_bytes=0; use_zstd_dict_trainer=1; ", "creation_time": 1732961679, "oldest_key_time": 0, "file_creation_time": 0, "slow_compression_estimated_data_size": 0, "fast_compression_estimated_data_size": 0, "db_id": "0c695251-ae40-11ef-aece-8032539efea9", "db_session_id": "GW7B6RN4JW4JXHZQLES0", "orig_file_number": 26, "seqno_to_time_mapping": "N/A"}}
2024/11/30-18:14:39.079900 2a70 EVENT_LOG_v1 {"time_micros": 1732961679079842, "cf_name": "Configuration", "job": 1, "event": "table_file_creation", "file_number": 27, "file_size": 1268, "file_checksum": "", "file_checksum_func_name": "Unknown", "smallest_seqno": 22, "largest_seqno": 27, "table_properties": {"data_size": 103, "index_size": 65, "index_partitions": 1, "top_level_index_size": 30, "index_key_is_user_key": 1, "index_value_is_delta_encoded": 1, "filter_size": 0, "raw_key_size": 58, "raw_average_key_size": 19, "raw_value_size": 50, "raw_average_value_size": 16, "num_data_blocks": 1, "num_entries": 3, "num_filter_entries": 0, "num_deletions": 1, "num_merge_operands": 0, "num_range_deletions": 1, "format_version": 0, "fixed_key_len": 0, "filter_policy": "", "column_family_name": "Configuration", "column_family_id": 1, "comparator": "leveldb.BytewiseComparator", "user_defined_timestamps_persisted": 1, "merge_operator": "StringAppendOperator", "prefix_extractor_name": "rocksdb.FixedPrefix.8", "property_collectors": "[]", "compression": "Snappy", "compression_options": "window_bits=-14; level=32767; strategy=0; max_dict_bytes=0; zstd_max_train_bytes=0; enabled=0; max_dict_buffer_bytes=0; use_zstd_dict_trainer=1; ", "creation_time": 1732961679, "oldest_key_time": 0, "file_creation_time": 0, "slow_compression_estimated_data_size": 0, "fast_compression_estimated_data_size": 0, "db_id": "0c695251-ae40-11ef-aece-8032539efea9", "db_session_id": "GW7B6RN4JW4JXHZQLES0", "orig_file_number": 27, "seqno_to_time_mapping": "N/A"}}
2024/11/30-18:14:39.084065 2a70 EVENT_LOG_v1 {"time_micros": 1732961679084015, "job": 1, "event": "recovery_finished"}
2024/11/30-18:14:39.085905 2a70 [db\version_set.cc:5417] Creating manifest 29
2024/11/30-18:14:39.106768 2a70 [file\delete_scheduler.cc:77] Deleted file D:\知识\java-knowledge\k-springcloud\material\nacos\data\protocol\raft\naming_instance_metadata\log/000022.log immediately, rate_bytes_per_sec 0, total_trash_size 0 max_trash_db_ratio 0.250000
2024/11/30-18:14:39.107786 2a70 [db\db_impl\db_impl_open.cc:2150] SstFileManager instance 0000024414CF0EB0
2024/11/30-18:14:39.109244 2a70 DB pointer 0000024416999E00
2024/11/30-18:14:45.110425 2738 [db\db_impl\db_impl.cc:1141] ------- DUMPING STATS -------
2024/11/30-18:14:45.110452 2738 [db\db_impl\db_impl.cc:1142] 
** DB Stats **
Uptime(secs): 6.1 total, 6.1 interval
Cumulative writes: 6 writes, 7 keys, 6 commit groups, 1.0 writes per commit group, ingest: 0.00 GB, 0.00 MB/s
Cumulative WAL: 6 writes, 2 syncs, 3.00 writes per sync, written: 0.00 GB, 0.00 MB/s
Cumulative stall: 00:00:0.000 H:M:S, 0.0 percent
Interval writes: 6 writes, 7 keys, 6 commit groups, 1.0 writes per commit group, ingest: 0.00 MB, 0.00 MB/s
Interval WAL: 6 writes, 2 syncs, 3.00 writes per sync, written: 0.00 GB, 0.00 MB/s
Interval stall: 00:00:0.000 H:M:S, 0.0 percent
Write Stall (count): write-buffer-manager-limit-stops: 0

** Compaction Stats [default] **
Level    Files   Size     Score Read(GB)  Rn(GB) Rnp1(GB) Write(GB) Wnew(GB) Moved(GB) W-Amp Rd(MB/s) Wr(MB/s) Comp(sec) CompMergeCPU(sec) Comp(cnt) Avg(sec) KeyIn KeyDrop Rblob(GB) Wblob(GB)
------------------------------------------------------------------------------------------------------------------------------------------------------------------------------------------------
  L0      4/0    4.57 KB   0.4      0.0     0.0      0.0       0.0      0.0       0.0   1.0      0.0      0.2      0.01              0.00         1    0.005       0      0       0.0       0.0
 Sum      4/0    4.57 KB   0.0      0.0     0.0      0.0       0.0      0.0       0.0   1.0      0.0      0.2      0.01              0.00         1    0.005       0      0       0.0       0.0
 Int      0/0    0.00 KB   0.0      0.0     0.0      0.0       0.0      0.0       0.0   1.0      0.0      0.2      0.01              0.00         1    0.005       0      0       0.0       0.0

** Compaction Stats [default] **
Priority    Files   Size     Score Read(GB)  Rn(GB) Rnp1(GB) Write(GB) Wnew(GB) Moved(GB) W-Amp Rd(MB/s) Wr(MB/s) Comp(sec) CompMergeCPU(sec) Comp(cnt) Avg(sec) KeyIn KeyDrop Rblob(GB) Wblob(GB)
---------------------------------------------------------------------------------------------------------------------------------------------------------------------------------------------------
User      0/0    0.00 KB   0.0      0.0     0.0      0.0       0.0      0.0       0.0   0.0      0.0      0.2      0.01              0.00         1    0.005       0      0       0.0       0.0

Blob file count: 0, total size: 0.0 GB, garbage size: 0.0 GB, space amp: 0.0

Uptime(secs): 6.1 total, 6.1 interval
Flush(GB): cumulative 0.000, interval 0.000
AddFile(GB): cumulative 0.000, interval 0.000
AddFile(Total Files): cumulative 0, interval 0
AddFile(L0 Files): cumulative 0, interval 0
AddFile(Keys): cumulative 0, interval 0
Cumulative compaction: 0.00 GB write, 0.00 MB/s write, 0.00 GB read, 0.00 MB/s read, 0.0 seconds
Interval compaction: 0.00 GB write, 0.00 MB/s write, 0.00 GB read, 0.00 MB/s read, 0.0 seconds
Write Stall (count): cf-l0-file-count-limit-delays-with-ongoing-compaction: 0, cf-l0-file-count-limit-stops-with-ongoing-compaction: 0, l0-file-count-limit-delays: 0, l0-file-count-limit-stops: 0, memtable-limit-delays: 0, memtable-limit-stops: 0, pending-compaction-bytes-delays: 0, pending-compaction-bytes-stops: 0, total-delays: 0, total-stops: 0
Block cache LRUCache@000002441ABB7D40#10000 capacity: 8.00 MB seed: 1085131344 usage: 4.80 KB table_size: 256 occupancy: 23 collections: 1 last_copies: 1 last_secs: 4.3e-05 secs_since: 0
Block cache entry stats(count,size,portion): DataBlock(15,2.07 KB,0.0252962%) IndexBlock(7,0.78 KB,0.00948906%) Misc(1,0.00 KB,0%)

** File Read Latency Histogram By Level [default] **
** Level 0 read latency histogram (micros):
Count: 7 Average: 17.8571  StdDev: 9.70
Min: 6  Median: 16.7500  Max: 31
Percentiles: P50: 16.75 P75: 23.50 P99: 31.00 P99.9: 31.00 P99.99: 31.00
------------------------------------------------------
(       4,       6 ]        1  14.286%  14.286% ###
(       6,      10 ]        2  28.571%  42.857% ######
(      15,      22 ]        2  28.571%  71.429% ######
(      22,      34 ]        2  28.571% 100.000% ######


** Compaction Stats [Configuration] **
Level    Files   Size     Score Read(GB)  Rn(GB) Rnp1(GB) Write(GB) Wnew(GB) Moved(GB) W-Amp Rd(MB/s) Wr(MB/s) Comp(sec) CompMergeCPU(sec) Comp(cnt) Avg(sec) KeyIn KeyDrop Rblob(GB) Wblob(GB)
------------------------------------------------------------------------------------------------------------------------------------------------------------------------------------------------
  L0      4/0    4.89 KB   0.4      0.0     0.0      0.0       0.0      0.0       0.0   1.0      0.0      0.3      0.00              0.00         1    0.004       0      0       0.0       0.0
 Sum      4/0    4.89 KB   0.0      0.0     0.0      0.0       0.0      0.0       0.0   1.0      0.0      0.3      0.00              0.00         1    0.004       0      0       0.0       0.0
 Int      0/0    0.00 KB   0.0      0.0     0.0      0.0       0.0      0.0       0.0   1.0      0.0      0.3      0.00              0.00         1    0.004       0      0       0.0       0.0

** Compaction Stats [Configuration] **
Priority    Files   Size     Score Read(GB)  Rn(GB) Rnp1(GB) Write(GB) Wnew(GB) Moved(GB) W-Amp Rd(MB/s) Wr(MB/s) Comp(sec) CompMergeCPU(sec) Comp(cnt) Avg(sec) KeyIn KeyDrop Rblob(GB) Wblob(GB)
---------------------------------------------------------------------------------------------------------------------------------------------------------------------------------------------------
User      0/0    0.00 KB   0.0      0.0     0.0      0.0       0.0      0.0       0.0   0.0      0.0      0.3      0.00              0.00         1    0.004       0      0       0.0       0.0

Blob file count: 0, total size: 0.0 GB, garbage size: 0.0 GB, space amp: 0.0

Uptime(secs): 6.1 total, 6.1 interval
Flush(GB): cumulative 0.000, interval 0.000
AddFile(GB): cumulative 0.000, interval 0.000
AddFile(Total Files): cumulative 0, interval 0
AddFile(L0 Files): cumulative 0, interval 0
AddFile(Keys): cumulative 0, interval 0
Cumulative compaction: 0.00 GB write, 0.00 MB/s write, 0.00 GB read, 0.00 MB/s read, 0.0 seconds
Interval compaction: 0.00 GB write, 0.00 MB/s write, 0.00 GB read, 0.00 MB/s read, 0.0 seconds
Write Stall (count): cf-l0-file-count-limit-delays-with-ongoing-compaction: 0, cf-l0-file-count-limit-stops-with-ongoing-compaction: 0, l0-file-count-limit-delays: 0, l0-file-count-limit-stops: 0, memtable-limit-delays: 0, memtable-limit-stops: 0, pending-compaction-bytes-delays: 0, pending-compaction-bytes-stops: 0, total-delays: 0, total-stops: 0
Block cache LRUCache@000002441ABB7D40#10000 capacity: 8.00 MB seed: 1085131344 usage: 4.80 KB table_size: 256 occupancy: 23 collections: 1 last_copies: 1 last_secs: 4.3e-05 secs_since: 0
Block cache entry stats(count,size,portion): DataBlock(15,2.07 KB,0.0252962%) IndexBlock(7,0.78 KB,0.00948906%) Misc(1,0.00 KB,0%)

** File Read Latency Histogram By Level [Configuration] **
