2024/11/30-18:04:47.890620 9c0 RocksDB version: 8.8.1
2024/11/30-18:04:47.890732 9c0 Git sha 986b8b9f20893dec811d8ecdb97b6a47f20d322d
2024/11/30-18:04:47.890765 9c0 Compile date 2023-11-23 10:47:11
2024/11/30-18:04:47.890786 9c0 DB SUMMARY
2024/11/30-18:04:47.890817 9c0 Host name (Env):  LAPTOP-COHAQ1BR
2024/11/30-18:04:47.890837 9c0 DB Session ID:  24M1PEG2OKDAI3I6W9UI
2024/11/30-18:04:47.892297 9c0 CURRENT file:  CURRENT
2024/11/30-18:04:47.892351 9c0 IDENTITY file:  IDENTITY
2024/11/30-18:04:47.892513 9c0 MANIFEST file:  MANIFEST-000005 size: 134 Bytes
2024/11/30-18:04:47.892543 9c0 SST files in D:\知识\java-knowledge\k-springcloud\material\nacos\data\protocol\raft\naming_persistent_service_v2\log dir, Total Num: 0, files: 
2024/11/30-18:04:47.892563 9c0 Write Ahead Log file in D:\知识\java-knowledge\k-springcloud\material\nacos\data\protocol\raft\naming_persistent_service_v2\log: 000004.log size: 285 ; 
2024/11/30-18:04:47.892759 9c0                         Options.error_if_exists: 0
2024/11/30-18:04:47.892775 9c0                       Options.create_if_missing: 1
2024/11/30-18:04:47.892782 9c0                         Options.paranoid_checks: 1
2024/11/30-18:04:47.892789 9c0             Options.flush_verify_memtable_count: 1
2024/11/30-18:04:47.892796 9c0          Options.compaction_verify_record_count: 1
2024/11/30-18:04:47.892802 9c0                               Options.track_and_verify_wals_in_manifest: 0
2024/11/30-18:04:47.892809 9c0        Options.verify_sst_unique_id_in_manifest: 1
2024/11/30-18:04:47.892816 9c0                                     Options.env: 00000190CBE1D7B0
2024/11/30-18:04:47.892824 9c0                                      Options.fs: WinFS
2024/11/30-18:04:47.892832 9c0                                Options.info_log: 00000190C90CA180
2024/11/30-18:04:47.892840 9c0                Options.max_file_opening_threads: 16
2024/11/30-18:04:47.892847 9c0                              Options.statistics: 00000190CA5D5F10
2024/11/30-18:04:47.892855 9c0                              Options.statistics stats level: 3
2024/11/30-18:04:47.892862 9c0                               Options.use_fsync: 0
2024/11/30-18:04:47.892869 9c0                       Options.max_log_file_size: 0
2024/11/30-18:04:47.892876 9c0                  Options.max_manifest_file_size: 1073741824
2024/11/30-18:04:47.892883 9c0                   Options.log_file_time_to_roll: 0
2024/11/30-18:04:47.892890 9c0                       Options.keep_log_file_num: 100
2024/11/30-18:04:47.892897 9c0                    Options.recycle_log_file_num: 0
2024/11/30-18:04:47.892904 9c0                         Options.allow_fallocate: 1
2024/11/30-18:04:47.892911 9c0                        Options.allow_mmap_reads: 0
2024/11/30-18:04:47.892918 9c0                       Options.allow_mmap_writes: 0
2024/11/30-18:04:47.892924 9c0                        Options.use_direct_reads: 0
2024/11/30-18:04:47.892931 9c0                        Options.use_direct_io_for_flush_and_compaction: 0
2024/11/30-18:04:47.892938 9c0          Options.create_missing_column_families: 1
2024/11/30-18:04:47.892945 9c0                              Options.db_log_dir: 
2024/11/30-18:04:47.892952 9c0                                 Options.wal_dir: 
2024/11/30-18:04:47.892959 9c0                Options.table_cache_numshardbits: 6
2024/11/30-18:04:47.892967 9c0                         Options.WAL_ttl_seconds: 0
2024/11/30-18:04:47.892974 9c0                       Options.WAL_size_limit_MB: 0
2024/11/30-18:04:47.892981 9c0                        Options.max_write_batch_group_size_bytes: 1048576
2024/11/30-18:04:47.892988 9c0             Options.manifest_preallocation_size: 4194304
2024/11/30-18:04:47.892994 9c0                     Options.is_fd_close_on_exec: 1
2024/11/30-18:04:47.893002 9c0                   Options.advise_random_on_open: 1
2024/11/30-18:04:47.893009 9c0                    Options.db_write_buffer_size: 0
2024/11/30-18:04:47.893016 9c0                    Options.write_buffer_manager: 00000190CBE1D030
2024/11/30-18:04:47.893023 9c0         Options.access_hint_on_compaction_start: 1
2024/11/30-18:04:47.893090 9c0           Options.random_access_max_buffer_size: 1048576
2024/11/30-18:04:47.893103 9c0                      Options.use_adaptive_mutex: 0
2024/11/30-18:04:47.893110 9c0                            Options.rate_limiter: 0000000000000000
2024/11/30-18:04:47.893119 9c0     Options.sst_file_manager.rate_bytes_per_sec: 0
2024/11/30-18:04:47.893126 9c0                       Options.wal_recovery_mode: 2
2024/11/30-18:04:47.893133 9c0                  Options.enable_thread_tracking: 0
2024/11/30-18:04:47.893140 9c0                  Options.enable_pipelined_write: 0
2024/11/30-18:04:47.893147 9c0                  Options.unordered_write: 0
2024/11/30-18:04:47.893156 9c0         Options.allow_concurrent_memtable_write: 1
2024/11/30-18:04:47.893163 9c0      Options.enable_write_thread_adaptive_yield: 1
2024/11/30-18:04:47.893170 9c0             Options.write_thread_max_yield_usec: 100
2024/11/30-18:04:47.893177 9c0            Options.write_thread_slow_yield_usec: 3
2024/11/30-18:04:47.893184 9c0                               Options.row_cache: None
2024/11/30-18:04:47.893191 9c0                              Options.wal_filter: None
2024/11/30-18:04:47.893198 9c0             Options.avoid_flush_during_recovery: 0
2024/11/30-18:04:47.893205 9c0             Options.allow_ingest_behind: 0
2024/11/30-18:04:47.893211 9c0             Options.two_write_queues: 0
2024/11/30-18:04:47.893218 9c0             Options.manual_wal_flush: 0
2024/11/30-18:04:47.893225 9c0             Options.wal_compression: 0
2024/11/30-18:04:47.893232 9c0             Options.atomic_flush: 0
2024/11/30-18:04:47.893239 9c0             Options.avoid_unnecessary_blocking_io: 0
2024/11/30-18:04:47.893246 9c0                 Options.persist_stats_to_disk: 0
2024/11/30-18:04:47.893253 9c0                 Options.write_dbid_to_manifest: 0
2024/11/30-18:04:47.893259 9c0                 Options.log_readahead_size: 0
2024/11/30-18:04:47.893266 9c0                 Options.file_checksum_gen_factory: Unknown
2024/11/30-18:04:47.893273 9c0                 Options.best_efforts_recovery: 0
2024/11/30-18:04:47.893280 9c0                Options.max_bgerror_resume_count: 2147483647
2024/11/30-18:04:47.893287 9c0            Options.bgerror_resume_retry_interval: 1000000
2024/11/30-18:04:47.893294 9c0             Options.allow_data_in_errors: 0
2024/11/30-18:04:47.893301 9c0             Options.db_host_id: __hostname__
2024/11/30-18:04:47.893307 9c0             Options.enforce_single_del_contracts: true
2024/11/30-18:04:47.893314 9c0             Options.max_background_jobs: 2
2024/11/30-18:04:47.893321 9c0             Options.max_background_compactions: -1
2024/11/30-18:04:47.893328 9c0             Options.max_subcompactions: 1
2024/11/30-18:04:47.893335 9c0             Options.avoid_flush_during_shutdown: 0
2024/11/30-18:04:47.893342 9c0           Options.writable_file_max_buffer_size: 1048576
2024/11/30-18:04:47.893349 9c0             Options.delayed_write_rate : 16777216
2024/11/30-18:04:47.893356 9c0             Options.max_total_wal_size: 1073741824
2024/11/30-18:04:47.893363 9c0             Options.delete_obsolete_files_period_micros: 21600000000
2024/11/30-18:04:47.893370 9c0                   Options.stats_dump_period_sec: 600
2024/11/30-18:04:47.893377 9c0                 Options.stats_persist_period_sec: 600
2024/11/30-18:04:47.893384 9c0                 Options.stats_history_buffer_size: 1048576
2024/11/30-18:04:47.893391 9c0                          Options.max_open_files: -1
2024/11/30-18:04:47.893399 9c0                          Options.bytes_per_sync: 0
2024/11/30-18:04:47.893406 9c0                      Options.wal_bytes_per_sync: 0
2024/11/30-18:04:47.893413 9c0                   Options.strict_bytes_per_sync: 0
2024/11/30-18:04:47.893421 9c0       Options.compaction_readahead_size: 2097152
2024/11/30-18:04:47.893428 9c0                  Options.max_background_flushes: -1
2024/11/30-18:04:47.893435 9c0 Options.daily_offpeak_time_utc: 
2024/11/30-18:04:47.893442 9c0 Compression algorithms supported:
2024/11/30-18:04:47.893450 9c0 	kZSTD supported: 1
2024/11/30-18:04:47.893510 9c0 	kSnappyCompression supported: 1
2024/11/30-18:04:47.893522 9c0 	kBZip2Compression supported: 0
2024/11/30-18:04:47.893528 9c0 	kZlibCompression supported: 1
2024/11/30-18:04:47.893534 9c0 	kLZ4Compression supported: 1
2024/11/30-18:04:47.893541 9c0 	kXpressCompression supported: 0
2024/11/30-18:04:47.893548 9c0 	kLZ4HCCompression supported: 1
2024/11/30-18:04:47.893554 9c0 	kZSTDNotFinalCompression supported: 1
2024/11/30-18:04:47.893564 9c0 Fast CRC32 supported: Not supported on x86
2024/11/30-18:04:47.893572 9c0 DMutex implementation: std::mutex
2024/11/30-18:04:47.897097 9c0 [db\version_set.cc:5906] Recovering from manifest file: D:\知识\java-knowledge\k-springcloud\material\nacos\data\protocol\raft\naming_persistent_service_v2\log/MANIFEST-000005
2024/11/30-18:04:47.897694 9c0 [db\column_family.cc:618] --------------- Options for column family [default]:
2024/11/30-18:04:47.897718 9c0               Options.comparator: leveldb.BytewiseComparator
2024/11/30-18:04:47.897727 9c0           Options.merge_operator: StringAppendOperator
2024/11/30-18:04:47.897734 9c0        Options.compaction_filter: None
2024/11/30-18:04:47.897741 9c0        Options.compaction_filter_factory: None
2024/11/30-18:04:47.897747 9c0  Options.sst_partitioner_factory: None
2024/11/30-18:04:47.897754 9c0         Options.memtable_factory: SkipListFactory
2024/11/30-18:04:47.897760 9c0            Options.table_factory: BlockBasedTable
2024/11/30-18:04:47.897829 9c0            table_factory options:   flush_block_policy_factory: FlushBlockBySizePolicyFactory (00000190CB843DF0)
  cache_index_and_filter_blocks: 0
  cache_index_and_filter_blocks_with_high_priority: 1
  pin_l0_filter_and_index_blocks_in_cache: 1
  pin_top_level_index_and_filter: 1
  index_type: 2
  data_block_index_type: 0
  index_shortening: 1
  data_block_hash_table_util_ratio: 0.750000
  checksum: 4
  no_block_cache: 0
  block_cache: 00000190CBE1EC60
  block_cache_name: LRUCache
  block_cache_options:
    capacity : 8388608
    num_shard_bits : 4
    strict_capacity_limit : 0
    memory_allocator : None
    high_pri_pool_ratio: 0.500
    low_pri_pool_ratio: 0.000
  persistent_cache: 0000000000000000
  block_size: 4096
  block_size_deviation: 10
  block_restart_interval: 16
  index_block_restart_interval: 1
  metadata_block_size: 8192
  partition_filters: 1
  use_delta_encoding: 1
  filter_policy: nullptr
  whole_key_filtering: 1
  verify_compression: 0
  read_amp_bytes_per_bit: 0
  format_version: 5
  enable_index_compression: 1
  block_align: 0
  max_auto_readahead_size: 262144
  prepopulate_block_cache: 0
  initial_auto_readahead_size: 8192
  num_file_reads_for_auto_readahead: 2
2024/11/30-18:04:47.897843 9c0        Options.write_buffer_size: 67108864
2024/11/30-18:04:47.897851 9c0  Options.max_write_buffer_number: 3
2024/11/30-18:04:47.897857 9c0          Options.compression: Snappy
2024/11/30-18:04:47.897864 9c0                  Options.bottommost_compression: Disabled
2024/11/30-18:04:47.897871 9c0       Options.prefix_extractor: rocksdb.FixedPrefix
2024/11/30-18:04:47.897878 9c0   Options.memtable_insert_with_hint_prefix_extractor: nullptr
2024/11/30-18:04:47.897884 9c0             Options.num_levels: 7
2024/11/30-18:04:47.897891 9c0        Options.min_write_buffer_number_to_merge: 1
2024/11/30-18:04:47.897898 9c0     Options.max_write_buffer_number_to_maintain: 0
2024/11/30-18:04:47.897904 9c0     Options.max_write_buffer_size_to_maintain: 0
2024/11/30-18:04:47.897911 9c0            Options.bottommost_compression_opts.window_bits: -14
2024/11/30-18:04:47.897919 9c0                  Options.bottommost_compression_opts.level: 32767
2024/11/30-18:04:47.897926 9c0               Options.bottommost_compression_opts.strategy: 0
2024/11/30-18:04:47.897933 9c0         Options.bottommost_compression_opts.max_dict_bytes: 0
2024/11/30-18:04:47.898026 9c0         Options.bottommost_compression_opts.zstd_max_train_bytes: 0
2024/11/30-18:04:47.898036 9c0         Options.bottommost_compression_opts.parallel_threads: 1
2024/11/30-18:04:47.898044 9c0                  Options.bottommost_compression_opts.enabled: false
2024/11/30-18:04:47.898060 9c0         Options.bottommost_compression_opts.max_dict_buffer_bytes: 0
2024/11/30-18:04:47.898071 9c0         Options.bottommost_compression_opts.use_zstd_dict_trainer: true
2024/11/30-18:04:47.898078 9c0            Options.compression_opts.window_bits: -14
2024/11/30-18:04:47.898085 9c0                  Options.compression_opts.level: 32767
2024/11/30-18:04:47.898092 9c0               Options.compression_opts.strategy: 0
2024/11/30-18:04:47.898099 9c0         Options.compression_opts.max_dict_bytes: 0
2024/11/30-18:04:47.898106 9c0         Options.compression_opts.zstd_max_train_bytes: 0
2024/11/30-18:04:47.898113 9c0         Options.compression_opts.use_zstd_dict_trainer: true
2024/11/30-18:04:47.898120 9c0         Options.compression_opts.parallel_threads: 1
2024/11/30-18:04:47.898128 9c0                  Options.compression_opts.enabled: false
2024/11/30-18:04:47.898143 9c0         Options.compression_opts.max_dict_buffer_bytes: 0
2024/11/30-18:04:47.898150 9c0      Options.level0_file_num_compaction_trigger: 10
2024/11/30-18:04:47.898157 9c0          Options.level0_slowdown_writes_trigger: 20
2024/11/30-18:04:47.898165 9c0              Options.level0_stop_writes_trigger: 40
2024/11/30-18:04:47.898172 9c0                   Options.target_file_size_base: 67108864
2024/11/30-18:04:47.898180 9c0             Options.target_file_size_multiplier: 1
2024/11/30-18:04:47.898187 9c0                Options.max_bytes_for_level_base: 536870912
2024/11/30-18:04:47.898194 9c0 Options.level_compaction_dynamic_level_bytes: 1
2024/11/30-18:04:47.898201 9c0          Options.max_bytes_for_level_multiplier: 10.000000
2024/11/30-18:04:47.898210 9c0 Options.max_bytes_for_level_multiplier_addtl[0]: 1
2024/11/30-18:04:47.898217 9c0 Options.max_bytes_for_level_multiplier_addtl[1]: 1
2024/11/30-18:04:47.898224 9c0 Options.max_bytes_for_level_multiplier_addtl[2]: 1
2024/11/30-18:04:47.898231 9c0 Options.max_bytes_for_level_multiplier_addtl[3]: 1
2024/11/30-18:04:47.898238 9c0 Options.max_bytes_for_level_multiplier_addtl[4]: 1
2024/11/30-18:04:47.898246 9c0 Options.max_bytes_for_level_multiplier_addtl[5]: 1
2024/11/30-18:04:47.898252 9c0 Options.max_bytes_for_level_multiplier_addtl[6]: 1
2024/11/30-18:04:47.898259 9c0       Options.max_sequential_skip_in_iterations: 8
2024/11/30-18:04:47.898265 9c0                    Options.max_compaction_bytes: 1677721600
2024/11/30-18:04:47.898272 9c0   Options.ignore_max_compaction_bytes_for_input: true
2024/11/30-18:04:47.898279 9c0                        Options.arena_block_size: 1048576
2024/11/30-18:04:47.898305 9c0   Options.soft_pending_compaction_bytes_limit: 68719476736
2024/11/30-18:04:47.898324 9c0   Options.hard_pending_compaction_bytes_limit: 274877906944
2024/11/30-18:04:47.898333 9c0                Options.disable_auto_compactions: 0
2024/11/30-18:04:47.898344 9c0                        Options.compaction_style: kCompactionStyleLevel
2024/11/30-18:04:47.898353 9c0                          Options.compaction_pri: kMinOverlappingRatio
2024/11/30-18:04:47.898360 9c0 Options.compaction_options_universal.size_ratio: 1
2024/11/30-18:04:47.898367 9c0 Options.compaction_options_universal.min_merge_width: 2
2024/11/30-18:04:47.898374 9c0 Options.compaction_options_universal.max_merge_width: 4294967295
2024/11/30-18:04:47.898382 9c0 Options.compaction_options_universal.max_size_amplification_percent: 200
2024/11/30-18:04:47.898388 9c0 Options.compaction_options_universal.compression_size_percent: -1
2024/11/30-18:04:47.898395 9c0 Options.compaction_options_universal.stop_style: kCompactionStopStyleTotalSize
2024/11/30-18:04:47.898402 9c0 Options.compaction_options_fifo.max_table_files_size: 1073741824
2024/11/30-18:04:47.898410 9c0 Options.compaction_options_fifo.allow_compaction: 0
2024/11/30-18:04:47.898421 9c0                   Options.table_properties_collectors: 
2024/11/30-18:04:47.898429 9c0                   Options.inplace_update_support: 0
2024/11/30-18:04:47.898435 9c0                 Options.inplace_update_num_locks: 10000
2024/11/30-18:04:47.898662 9c0               Options.memtable_prefix_bloom_size_ratio: 0.125000
2024/11/30-18:04:47.898682 9c0               Options.memtable_whole_key_filtering: 0
2024/11/30-18:04:47.898690 9c0   Options.memtable_huge_page_size: 0
2024/11/30-18:04:47.898698 9c0                           Options.bloom_locality: 0
2024/11/30-18:04:47.898705 9c0                    Options.max_successive_merges: 0
2024/11/30-18:04:47.898712 9c0                Options.optimize_filters_for_hits: 0
2024/11/30-18:04:47.898719 9c0                Options.paranoid_file_checks: 0
2024/11/30-18:04:47.898726 9c0                Options.force_consistency_checks: 1
2024/11/30-18:04:47.898733 9c0                Options.report_bg_io_stats: 0
2024/11/30-18:04:47.898740 9c0                               Options.ttl: 2592000
2024/11/30-18:04:47.898747 9c0          Options.periodic_compaction_seconds: 0
2024/11/30-18:04:47.898756 9c0                        Options.default_temperature: kUnknown
2024/11/30-18:04:47.898763 9c0  Options.preclude_last_level_data_seconds: 0
2024/11/30-18:04:47.898770 9c0    Options.preserve_internal_time_seconds: 0
2024/11/30-18:04:47.898777 9c0                       Options.enable_blob_files: false
2024/11/30-18:04:47.898784 9c0                           Options.min_blob_size: 0
2024/11/30-18:04:47.898791 9c0                          Options.blob_file_size: 268435456
2024/11/30-18:04:47.898799 9c0                   Options.blob_compression_type: NoCompression
2024/11/30-18:04:47.898807 9c0          Options.enable_blob_garbage_collection: false
2024/11/30-18:04:47.898814 9c0      Options.blob_garbage_collection_age_cutoff: 0.250000
2024/11/30-18:04:47.898823 9c0 Options.blob_garbage_collection_force_threshold: 1.000000
2024/11/30-18:04:47.898831 9c0          Options.blob_compaction_readahead_size: 0
2024/11/30-18:04:47.898839 9c0                Options.blob_file_starting_level: 0
2024/11/30-18:04:47.898846 9c0         Options.experimental_mempurge_threshold: 0.000000
2024/11/30-18:04:47.898854 9c0            Options.memtable_max_range_deletions: 0
2024/11/30-18:04:47.901464 9c0 [db\column_family.cc:618] --------------- Options for column family [Configuration]:
2024/11/30-18:04:47.901493 9c0               Options.comparator: leveldb.BytewiseComparator
2024/11/30-18:04:47.901502 9c0           Options.merge_operator: StringAppendOperator
2024/11/30-18:04:47.901510 9c0        Options.compaction_filter: None
2024/11/30-18:04:47.901517 9c0        Options.compaction_filter_factory: None
2024/11/30-18:04:47.901524 9c0  Options.sst_partitioner_factory: None
2024/11/30-18:04:47.901531 9c0         Options.memtable_factory: SkipListFactory
2024/11/30-18:04:47.901539 9c0            Options.table_factory: BlockBasedTable
2024/11/30-18:04:47.901598 9c0            table_factory options:   flush_block_policy_factory: FlushBlockBySizePolicyFactory (00000190CB843DF0)
  cache_index_and_filter_blocks: 0
  cache_index_and_filter_blocks_with_high_priority: 1
  pin_l0_filter_and_index_blocks_in_cache: 1
  pin_top_level_index_and_filter: 1
  index_type: 2
  data_block_index_type: 0
  index_shortening: 1
  data_block_hash_table_util_ratio: 0.750000
  checksum: 4
  no_block_cache: 0
  block_cache: 00000190CBE1EC60
  block_cache_name: LRUCache
  block_cache_options:
    capacity : 8388608
    num_shard_bits : 4
    strict_capacity_limit : 0
    memory_allocator : None
    high_pri_pool_ratio: 0.500
    low_pri_pool_ratio: 0.000
  persistent_cache: 0000000000000000
  block_size: 4096
  block_size_deviation: 10
  block_restart_interval: 16
  index_block_restart_interval: 1
  metadata_block_size: 8192
  partition_filters: 1
  use_delta_encoding: 1
  filter_policy: nullptr
  whole_key_filtering: 1
  verify_compression: 0
  read_amp_bytes_per_bit: 0
  format_version: 5
  enable_index_compression: 1
  block_align: 0
  max_auto_readahead_size: 262144
  prepopulate_block_cache: 0
  initial_auto_readahead_size: 8192
  num_file_reads_for_auto_readahead: 2
2024/11/30-18:04:47.901610 9c0        Options.write_buffer_size: 67108864
2024/11/30-18:04:47.901623 9c0  Options.max_write_buffer_number: 3
2024/11/30-18:04:47.901633 9c0          Options.compression: Snappy
2024/11/30-18:04:47.901640 9c0                  Options.bottommost_compression: Disabled
2024/11/30-18:04:47.901647 9c0       Options.prefix_extractor: rocksdb.FixedPrefix
2024/11/30-18:04:47.901655 9c0   Options.memtable_insert_with_hint_prefix_extractor: nullptr
2024/11/30-18:04:47.901662 9c0             Options.num_levels: 7
2024/11/30-18:04:47.901669 9c0        Options.min_write_buffer_number_to_merge: 1
2024/11/30-18:04:47.901675 9c0     Options.max_write_buffer_number_to_maintain: 0
2024/11/30-18:04:47.901682 9c0     Options.max_write_buffer_size_to_maintain: 0
2024/11/30-18:04:47.901688 9c0            Options.bottommost_compression_opts.window_bits: -14
2024/11/30-18:04:47.901696 9c0                  Options.bottommost_compression_opts.level: 32767
2024/11/30-18:04:47.901703 9c0               Options.bottommost_compression_opts.strategy: 0
2024/11/30-18:04:47.901711 9c0         Options.bottommost_compression_opts.max_dict_bytes: 0
2024/11/30-18:04:47.901718 9c0         Options.bottommost_compression_opts.zstd_max_train_bytes: 0
2024/11/30-18:04:47.901725 9c0         Options.bottommost_compression_opts.parallel_threads: 1
2024/11/30-18:04:47.901732 9c0                  Options.bottommost_compression_opts.enabled: false
2024/11/30-18:04:47.901739 9c0         Options.bottommost_compression_opts.max_dict_buffer_bytes: 0
2024/11/30-18:04:47.901746 9c0         Options.bottommost_compression_opts.use_zstd_dict_trainer: true
2024/11/30-18:04:47.901753 9c0            Options.compression_opts.window_bits: -14
2024/11/30-18:04:47.901759 9c0                  Options.compression_opts.level: 32767
2024/11/30-18:04:47.901767 9c0               Options.compression_opts.strategy: 0
2024/11/30-18:04:47.901774 9c0         Options.compression_opts.max_dict_bytes: 0
2024/11/30-18:04:47.901781 9c0         Options.compression_opts.zstd_max_train_bytes: 0
2024/11/30-18:04:47.901788 9c0         Options.compression_opts.use_zstd_dict_trainer: true
2024/11/30-18:04:47.901795 9c0         Options.compression_opts.parallel_threads: 1
2024/11/30-18:04:47.901802 9c0                  Options.compression_opts.enabled: false
2024/11/30-18:04:47.901809 9c0         Options.compression_opts.max_dict_buffer_bytes: 0
2024/11/30-18:04:47.901816 9c0      Options.level0_file_num_compaction_trigger: 10
2024/11/30-18:04:47.901824 9c0          Options.level0_slowdown_writes_trigger: 20
2024/11/30-18:04:47.901831 9c0              Options.level0_stop_writes_trigger: 40
2024/11/30-18:04:47.901838 9c0                   Options.target_file_size_base: 67108864
2024/11/30-18:04:47.901845 9c0             Options.target_file_size_multiplier: 1
2024/11/30-18:04:47.901852 9c0                Options.max_bytes_for_level_base: 536870912
2024/11/30-18:04:47.901859 9c0 Options.level_compaction_dynamic_level_bytes: 1
2024/11/30-18:04:47.901866 9c0          Options.max_bytes_for_level_multiplier: 10.000000
2024/11/30-18:04:47.901879 9c0 Options.max_bytes_for_level_multiplier_addtl[0]: 1
2024/11/30-18:04:47.901887 9c0 Options.max_bytes_for_level_multiplier_addtl[1]: 1
2024/11/30-18:04:47.901895 9c0 Options.max_bytes_for_level_multiplier_addtl[2]: 1
2024/11/30-18:04:47.901903 9c0 Options.max_bytes_for_level_multiplier_addtl[3]: 1
2024/11/30-18:04:47.901910 9c0 Options.max_bytes_for_level_multiplier_addtl[4]: 1
2024/11/30-18:04:47.901917 9c0 Options.max_bytes_for_level_multiplier_addtl[5]: 1
2024/11/30-18:04:47.901924 9c0 Options.max_bytes_for_level_multiplier_addtl[6]: 1
2024/11/30-18:04:47.901932 9c0       Options.max_sequential_skip_in_iterations: 8
2024/11/30-18:04:47.901939 9c0                    Options.max_compaction_bytes: 1677721600
2024/11/30-18:04:47.901946 9c0   Options.ignore_max_compaction_bytes_for_input: true
2024/11/30-18:04:47.901954 9c0                        Options.arena_block_size: 1048576
2024/11/30-18:04:47.901961 9c0   Options.soft_pending_compaction_bytes_limit: 68719476736
2024/11/30-18:04:47.901968 9c0   Options.hard_pending_compaction_bytes_limit: 274877906944
2024/11/30-18:04:47.901980 9c0                Options.disable_auto_compactions: 0
2024/11/30-18:04:47.901991 9c0                        Options.compaction_style: kCompactionStyleLevel
2024/11/30-18:04:47.901999 9c0                          Options.compaction_pri: kMinOverlappingRatio
2024/11/30-18:04:47.902007 9c0 Options.compaction_options_universal.size_ratio: 1
2024/11/30-18:04:47.902014 9c0 Options.compaction_options_universal.min_merge_width: 2
2024/11/30-18:04:47.902021 9c0 Options.compaction_options_universal.max_merge_width: 4294967295
2024/11/30-18:04:47.902028 9c0 Options.compaction_options_universal.max_size_amplification_percent: 200
2024/11/30-18:04:47.902036 9c0 Options.compaction_options_universal.compression_size_percent: -1
2024/11/30-18:04:47.902044 9c0 Options.compaction_options_universal.stop_style: kCompactionStopStyleTotalSize
2024/11/30-18:04:47.902051 9c0 Options.compaction_options_fifo.max_table_files_size: 1073741824
2024/11/30-18:04:47.902058 9c0 Options.compaction_options_fifo.allow_compaction: 0
2024/11/30-18:04:47.902070 9c0                   Options.table_properties_collectors: 
2024/11/30-18:04:47.902078 9c0                   Options.inplace_update_support: 0
2024/11/30-18:04:47.902085 9c0                 Options.inplace_update_num_locks: 10000
2024/11/30-18:04:47.902093 9c0               Options.memtable_prefix_bloom_size_ratio: 0.125000
2024/11/30-18:04:47.902103 9c0               Options.memtable_whole_key_filtering: 0
2024/11/30-18:04:47.902110 9c0   Options.memtable_huge_page_size: 0
2024/11/30-18:04:47.902117 9c0                           Options.bloom_locality: 0
2024/11/30-18:04:47.902127 9c0                    Options.max_successive_merges: 0
2024/11/30-18:04:47.902135 9c0                Options.optimize_filters_for_hits: 0
2024/11/30-18:04:47.902143 9c0                Options.paranoid_file_checks: 0
2024/11/30-18:04:47.902151 9c0                Options.force_consistency_checks: 1
2024/11/30-18:04:47.902158 9c0                Options.report_bg_io_stats: 0
2024/11/30-18:04:47.902165 9c0                               Options.ttl: 2592000
2024/11/30-18:04:47.902172 9c0          Options.periodic_compaction_seconds: 0
2024/11/30-18:04:47.902180 9c0                        Options.default_temperature: kUnknown
2024/11/30-18:04:47.902188 9c0  Options.preclude_last_level_data_seconds: 0
2024/11/30-18:04:47.902195 9c0    Options.preserve_internal_time_seconds: 0
2024/11/30-18:04:47.902203 9c0                       Options.enable_blob_files: false
2024/11/30-18:04:47.902211 9c0                           Options.min_blob_size: 0
2024/11/30-18:04:47.902217 9c0                          Options.blob_file_size: 268435456
2024/11/30-18:04:47.902225 9c0                   Options.blob_compression_type: NoCompression
2024/11/30-18:04:47.902232 9c0          Options.enable_blob_garbage_collection: false
2024/11/30-18:04:47.902240 9c0      Options.blob_garbage_collection_age_cutoff: 0.250000
2024/11/30-18:04:47.902248 9c0 Options.blob_garbage_collection_force_threshold: 1.000000
2024/11/30-18:04:47.902256 9c0          Options.blob_compaction_readahead_size: 0
2024/11/30-18:04:47.902263 9c0                Options.blob_file_starting_level: 0
2024/11/30-18:04:47.902270 9c0         Options.experimental_mempurge_threshold: 0.000000
2024/11/30-18:04:47.902279 9c0            Options.memtable_max_range_deletions: 0
2024/11/30-18:04:47.909646 9c0 [db\version_set.cc:5957] Recovered from manifest file:D:\知识\java-knowledge\k-springcloud\material\nacos\data\protocol\raft\naming_persistent_service_v2\log/MANIFEST-000005 succeeded,manifest_file_number is 5, next_file_number is 7, last_sequence is 0, log_number is 4,prev_log_number is 0,max_column_family is 1,min_log_number_to_keep is 0
2024/11/30-18:04:47.909675 9c0 [db\version_set.cc:5966] Column family [default] (ID 0), log number is 0
2024/11/30-18:04:47.909684 9c0 [db\version_set.cc:5966] Column family [Configuration] (ID 1), log number is 4
2024/11/30-18:04:47.910573 9c0 [db\db_impl\db_impl_open.cc:646] DB ID: 0c695250-ae40-11ef-aece-8032539efea9
2024/11/30-18:04:47.914201 9c0 EVENT_LOG_v1 {"time_micros": 1732961087914185, "job": 1, "event": "recovery_started", "wal_files": [4]}
2024/11/30-18:04:47.914236 9c0 [db\db_impl\db_impl_open.cc:1145] Recovering log #4 mode 2
2024/11/30-18:04:47.919588 9c0 EVENT_LOG_v1 {"time_micros": 1732961087919503, "cf_name": "default", "job": 1, "event": "table_file_creation", "file_number": 8, "file_size": 1063, "file_checksum": "", "file_checksum_func_name": "Unknown", "smallest_seqno": 5, "largest_seqno": 5, "table_properties": {"data_size": 0, "index_size": 13, "index_partitions": 0, "top_level_index_size": 8, "index_key_is_user_key": 1, "index_value_is_delta_encoded": 1, "filter_size": 0, "raw_key_size": 16, "raw_average_key_size": 16, "raw_value_size": 8, "raw_average_value_size": 8, "num_data_blocks": 0, "num_entries": 1, "num_filter_entries": 0, "num_deletions": 1, "num_merge_operands": 0, "num_range_deletions": 1, "format_version": 0, "fixed_key_len": 0, "filter_policy": "", "column_family_name": "default", "column_family_id": 0, "comparator": "leveldb.BytewiseComparator", "user_defined_timestamps_persisted": 1, "merge_operator": "StringAppendOperator", "prefix_extractor_name": "rocksdb.FixedPrefix.8", "property_collectors": "[]", "compression": "Snappy", "compression_options": "window_bits=-14; level=32767; strategy=0; max_dict_bytes=0; zstd_max_train_bytes=0; enabled=0; max_dict_buffer_bytes=0; use_zstd_dict_trainer=1; ", "creation_time": 1732961087, "oldest_key_time": 0, "file_creation_time": 0, "slow_compression_estimated_data_size": 0, "fast_compression_estimated_data_size": 0, "db_id": "0c695250-ae40-11ef-aece-8032539efea9", "db_session_id": "24M1PEG2OKDAI3I6W9UI", "orig_file_number": 8, "seqno_to_time_mapping": "N/A"}}
2024/11/30-18:04:47.927917 9c0 EVENT_LOG_v1 {"time_micros": 1732961087927842, "cf_name": "Configuration", "job": 1, "event": "table_file_creation", "file_number": 9, "file_size": 1208, "file_checksum": "", "file_checksum_func_name": "Unknown", "smallest_seqno": 4, "largest_seqno": 6, "table_properties": {"data_size": 44, "index_size": 65, "index_partitions": 1, "top_level_index_size": 30, "index_key_is_user_key": 1, "index_value_is_delta_encoded": 1, "filter_size": 0, "raw_key_size": 42, "raw_average_key_size": 21, "raw_value_size": 16, "raw_average_value_size": 8, "num_data_blocks": 1, "num_entries": 2, "num_filter_entries": 0, "num_deletions": 1, "num_merge_operands": 0, "num_range_deletions": 1, "format_version": 0, "fixed_key_len": 0, "filter_policy": "", "column_family_name": "Configuration", "column_family_id": 1, "comparator": "leveldb.BytewiseComparator", "user_defined_timestamps_persisted": 1, "merge_operator": "StringAppendOperator", "prefix_extractor_name": "rocksdb.FixedPrefix.8", "property_collectors": "[]", "compression": "Snappy", "compression_options": "window_bits=-14; level=32767; strategy=0; max_dict_bytes=0; zstd_max_train_bytes=0; enabled=0; max_dict_buffer_bytes=0; use_zstd_dict_trainer=1; ", "creation_time": 1732961087, "oldest_key_time": 0, "file_creation_time": 0, "slow_compression_estimated_data_size": 0, "fast_compression_estimated_data_size": 0, "db_id": "0c695250-ae40-11ef-aece-8032539efea9", "db_session_id": "24M1PEG2OKDAI3I6W9UI", "orig_file_number": 9, "seqno_to_time_mapping": "N/A"}}
2024/11/30-18:04:47.933293 9c0 EVENT_LOG_v1 {"time_micros": 1732961087933277, "job": 1, "event": "recovery_finished"}
2024/11/30-18:04:47.934612 9c0 [db\version_set.cc:5417] Creating manifest 11
2024/11/30-18:04:47.961178 9c0 [file\delete_scheduler.cc:77] Deleted file D:\知识\java-knowledge\k-springcloud\material\nacos\data\protocol\raft\naming_persistent_service_v2\log/000004.log immediately, rate_bytes_per_sec 0, total_trash_size 0 max_trash_db_ratio 0.250000
2024/11/30-18:04:47.962396 9c0 [db\db_impl\db_impl_open.cc:2150] SstFileManager instance 00000190C82E4E00
2024/11/30-18:04:47.964015 9c0 DB pointer 00000190CE20E080
2024/11/30-18:04:50.973070 714 [db\db_impl\db_impl.cc:1141] ------- DUMPING STATS -------
2024/11/30-18:04:50.973097 714 [db\db_impl\db_impl.cc:1142] 
** DB Stats **
Uptime(secs): 3.1 total, 3.1 interval
Cumulative writes: 6 writes, 7 keys, 6 commit groups, 1.0 writes per commit group, ingest: 0.00 GB, 0.00 MB/s
Cumulative WAL: 6 writes, 2 syncs, 3.00 writes per sync, written: 0.00 GB, 0.00 MB/s
Cumulative stall: 00:00:0.000 H:M:S, 0.0 percent
Interval writes: 6 writes, 7 keys, 6 commit groups, 1.0 writes per commit group, ingest: 0.00 MB, 0.00 MB/s
Interval WAL: 6 writes, 2 syncs, 3.00 writes per sync, written: 0.00 GB, 0.00 MB/s
Interval stall: 00:00:0.000 H:M:S, 0.0 percent
Write Stall (count): write-buffer-manager-limit-stops: 0

** Compaction Stats [default] **
Level    Files   Size     Score Read(GB)  Rn(GB) Rnp1(GB) Write(GB) Wnew(GB) Moved(GB) W-Amp Rd(MB/s) Wr(MB/s) Comp(sec) CompMergeCPU(sec) Comp(cnt) Avg(sec) KeyIn KeyDrop Rblob(GB) Wblob(GB)
------------------------------------------------------------------------------------------------------------------------------------------------------------------------------------------------
  L0      1/0    1.04 KB   0.1      0.0     0.0      0.0       0.0      0.0       0.0   1.0      0.0      0.2      0.00              0.00         1    0.004       0      0       0.0       0.0
 Sum      1/0    1.04 KB   0.0      0.0     0.0      0.0       0.0      0.0       0.0   1.0      0.0      0.2      0.00              0.00         1    0.004       0      0       0.0       0.0
 Int      0/0    0.00 KB   0.0      0.0     0.0      0.0       0.0      0.0       0.0   1.0      0.0      0.2      0.00              0.00         1    0.004       0      0       0.0       0.0

** Compaction Stats [default] **
Priority    Files   Size     Score Read(GB)  Rn(GB) Rnp1(GB) Write(GB) Wnew(GB) Moved(GB) W-Amp Rd(MB/s) Wr(MB/s) Comp(sec) CompMergeCPU(sec) Comp(cnt) Avg(sec) KeyIn KeyDrop Rblob(GB) Wblob(GB)
---------------------------------------------------------------------------------------------------------------------------------------------------------------------------------------------------
User      0/0    0.00 KB   0.0      0.0     0.0      0.0       0.0      0.0       0.0   0.0      0.0      0.2      0.00              0.00         1    0.004       0      0       0.0       0.0

Blob file count: 0, total size: 0.0 GB, garbage size: 0.0 GB, space amp: 0.0

Uptime(secs): 3.1 total, 3.1 interval
Flush(GB): cumulative 0.000, interval 0.000
AddFile(GB): cumulative 0.000, interval 0.000
AddFile(Total Files): cumulative 0, interval 0
AddFile(L0 Files): cumulative 0, interval 0
AddFile(Keys): cumulative 0, interval 0
Cumulative compaction: 0.00 GB write, 0.00 MB/s write, 0.00 GB read, 0.00 MB/s read, 0.0 seconds
Interval compaction: 0.00 GB write, 0.00 MB/s write, 0.00 GB read, 0.00 MB/s read, 0.0 seconds
Write Stall (count): cf-l0-file-count-limit-delays-with-ongoing-compaction: 0, cf-l0-file-count-limit-stops-with-ongoing-compaction: 0, l0-file-count-limit-delays: 0, l0-file-count-limit-stops: 0, memtable-limit-delays: 0, memtable-limit-stops: 0, pending-compaction-bytes-delays: 0, pending-compaction-bytes-stops: 0, total-delays: 0, total-stops: 0
Block cache LRUCache@00000190CBE1EC60#16032 capacity: 8.00 MB seed: 1085131344 usage: 0.91 KB table_size: 256 occupancy: 5 collections: 1 last_copies: 1 last_secs: 4.5e-05 secs_since: 0
Block cache entry stats(count,size,portion): DataBlock(3,0.37 KB,0.00451803%) IndexBlock(1,0.12 KB,0.00140667%) Misc(1,0.00 KB,0%)

** File Read Latency Histogram By Level [default] **
** Level 0 read latency histogram (micros):
Count: 1 Average: 28.0000  StdDev: 0.00
Min: 28  Median: 28.0000  Max: 28
Percentiles: P50: 28.00 P75: 28.00 P99: 28.00 P99.9: 28.00 P99.99: 28.00
------------------------------------------------------
(      22,      34 ]        1 100.000% 100.000% ####################


** Compaction Stats [Configuration] **
Level    Files   Size     Score Read(GB)  Rn(GB) Rnp1(GB) Write(GB) Wnew(GB) Moved(GB) W-Amp Rd(MB/s) Wr(MB/s) Comp(sec) CompMergeCPU(sec) Comp(cnt) Avg(sec) KeyIn KeyDrop Rblob(GB) Wblob(GB)
------------------------------------------------------------------------------------------------------------------------------------------------------------------------------------------------
  L0      1/0    1.18 KB   0.1      0.0     0.0      0.0       0.0      0.0       0.0   1.0      0.0      0.2      0.01              0.00         1    0.005       0      0       0.0       0.0
 Sum      1/0    1.18 KB   0.0      0.0     0.0      0.0       0.0      0.0       0.0   1.0      0.0      0.2      0.01              0.00         1    0.005       0      0       0.0       0.0
 Int      0/0    0.00 KB   0.0      0.0     0.0      0.0       0.0      0.0       0.0   1.0      0.0      0.2      0.01              0.00         1    0.005       0      0       0.0       0.0

** Compaction Stats [Configuration] **
Priority    Files   Size     Score Read(GB)  Rn(GB) Rnp1(GB) Write(GB) Wnew(GB) Moved(GB) W-Amp Rd(MB/s) Wr(MB/s) Comp(sec) CompMergeCPU(sec) Comp(cnt) Avg(sec) KeyIn KeyDrop Rblob(GB) Wblob(GB)
---------------------------------------------------------------------------------------------------------------------------------------------------------------------------------------------------
User      0/0    0.00 KB   0.0      0.0     0.0      0.0       0.0      0.0       0.0   0.0      0.0      0.2      0.01              0.00         1    0.005       0      0       0.0       0.0

Blob file count: 0, total size: 0.0 GB, garbage size: 0.0 GB, space amp: 0.0

Uptime(secs): 3.1 total, 3.1 interval
Flush(GB): cumulative 0.000, interval 0.000
AddFile(GB): cumulative 0.000, interval 0.000
AddFile(Total Files): cumulative 0, interval 0
AddFile(L0 Files): cumulative 0, interval 0
AddFile(Keys): cumulative 0, interval 0
Cumulative compaction: 0.00 GB write, 0.00 MB/s write, 0.00 GB read, 0.00 MB/s read, 0.0 seconds
Interval compaction: 0.00 GB write, 0.00 MB/s write, 0.00 GB read, 0.00 MB/s read, 0.0 seconds
Write Stall (count): cf-l0-file-count-limit-delays-with-ongoing-compaction: 0, cf-l0-file-count-limit-stops-with-ongoing-compaction: 0, l0-file-count-limit-delays: 0, l0-file-count-limit-stops: 0, memtable-limit-delays: 0, memtable-limit-stops: 0, pending-compaction-bytes-delays: 0, pending-compaction-bytes-stops: 0, total-delays: 0, total-stops: 0
Block cache LRUCache@00000190CBE1EC60#16032 capacity: 8.00 MB seed: 1085131344 usage: 0.91 KB table_size: 256 occupancy: 5 collections: 1 last_copies: 1 last_secs: 4.5e-05 secs_since: 0
Block cache entry stats(count,size,portion): DataBlock(3,0.37 KB,0.00451803%) IndexBlock(1,0.12 KB,0.00140667%) Misc(1,0.00 KB,0%)

** File Read Latency Histogram By Level [Configuration] **
** Level 0 read latency histogram (micros):
Count: 2 Average: 22.0000  StdDev: 5.00
Min: 17  Median: 22.0000  Max: 27
Percentiles: P50: 22.00 P75: 27.00 P99: 27.00 P99.9: 27.00 P99.99: 27.00
------------------------------------------------------
(      15,      22 ]        1  50.000%  50.000% ##########
(      22,      34 ]        1  50.000% 100.000% ##########

2024/11/30-18:04:50.973730 714 [db\db_impl\db_impl.cc:751] STATISTICS:
 rocksdb.block.cache.miss COUNT : 4
rocksdb.block.cache.hit COUNT : 0
rocksdb.block.cache.add COUNT : 4
