2024/11/30-18:14:38.916439 2a70 RocksDB version: 8.8.1
2024/11/30-18:14:38.916523 2a70 Git sha 986b8b9f20893dec811d8ecdb97b6a47f20d322d
2024/11/30-18:14:38.916545 2a70 Compile date 2023-11-23 10:47:11
2024/11/30-18:14:38.916562 2a70 DB SUMMARY
2024/11/30-18:14:38.916583 2a70 Host name (Env):  LAPTOP-COHAQ1BR
2024/11/30-18:14:38.916598 2a70 DB Session ID:  GW7B6RN4JW4JXHZQLES3
2024/11/30-18:14:38.917883 2a70 CURRENT file:  CURRENT
2024/11/30-18:14:38.917915 2a70 IDENTITY file:  IDENTITY
2024/11/30-18:14:38.918004 2a70 MANIFEST file:  MANIFEST-000023 size: 775 Bytes
2024/11/30-18:14:38.918023 2a70 SST files in D:\知识\java-knowledge\k-springcloud\material\nacos\data\protocol\raft\naming_persistent_service_v2\log dir, Total Num: 6, files: 000008.sst 000009.sst 000014.sst 000015.sst 000020.sst 000021.sst 
2024/11/30-18:14:38.918347 2a70 Write Ahead Log file in D:\知识\java-knowledge\k-springcloud\material\nacos\data\protocol\raft\naming_persistent_service_v2\log: 000022.log size: 313 ; 
2024/11/30-18:14:38.918364 2a70                         Options.error_if_exists: 0
2024/11/30-18:14:38.918371 2a70                       Options.create_if_missing: 1
2024/11/30-18:14:38.918377 2a70                         Options.paranoid_checks: 1
2024/11/30-18:14:38.918410 2a70             Options.flush_verify_memtable_count: 1
2024/11/30-18:14:38.918421 2a70          Options.compaction_verify_record_count: 1
2024/11/30-18:14:38.918425 2a70                               Options.track_and_verify_wals_in_manifest: 0
2024/11/30-18:14:38.918430 2a70        Options.verify_sst_unique_id_in_manifest: 1
2024/11/30-18:14:38.918435 2a70                                     Options.env: 0000024415885F50
2024/11/30-18:14:38.918440 2a70                                      Options.fs: WinFS
2024/11/30-18:14:38.918446 2a70                                Options.info_log: 0000024419449380
2024/11/30-18:14:38.918451 2a70                Options.max_file_opening_threads: 16
2024/11/30-18:14:38.918455 2a70                              Options.statistics: 00000244142A97C0
2024/11/30-18:14:38.918462 2a70                              Options.statistics stats level: 3
2024/11/30-18:14:38.918466 2a70                               Options.use_fsync: 0
2024/11/30-18:14:38.918471 2a70                       Options.max_log_file_size: 0
2024/11/30-18:14:38.918475 2a70                  Options.max_manifest_file_size: 1073741824
2024/11/30-18:14:38.918486 2a70                   Options.log_file_time_to_roll: 0
2024/11/30-18:14:38.918496 2a70                       Options.keep_log_file_num: 100
2024/11/30-18:14:38.918525 2a70                    Options.recycle_log_file_num: 0
2024/11/30-18:14:38.918531 2a70                         Options.allow_fallocate: 1
2024/11/30-18:14:38.918535 2a70                        Options.allow_mmap_reads: 0
2024/11/30-18:14:38.918540 2a70                       Options.allow_mmap_writes: 0
2024/11/30-18:14:38.918544 2a70                        Options.use_direct_reads: 0
2024/11/30-18:14:38.918549 2a70                        Options.use_direct_io_for_flush_and_compaction: 0
2024/11/30-18:14:38.918553 2a70          Options.create_missing_column_families: 1
2024/11/30-18:14:38.918557 2a70                              Options.db_log_dir: 
2024/11/30-18:14:38.918562 2a70                                 Options.wal_dir: 
2024/11/30-18:14:38.918566 2a70                Options.table_cache_numshardbits: 6
2024/11/30-18:14:38.918570 2a70                         Options.WAL_ttl_seconds: 0
2024/11/30-18:14:38.918575 2a70                       Options.WAL_size_limit_MB: 0
2024/11/30-18:14:38.918579 2a70                        Options.max_write_batch_group_size_bytes: 1048576
2024/11/30-18:14:38.918584 2a70             Options.manifest_preallocation_size: 4194304
2024/11/30-18:14:38.918589 2a70                     Options.is_fd_close_on_exec: 1
2024/11/30-18:14:38.918593 2a70                   Options.advise_random_on_open: 1
2024/11/30-18:14:38.918597 2a70                    Options.db_write_buffer_size: 0
2024/11/30-18:14:38.918602 2a70                    Options.write_buffer_manager: 0000024415887300
2024/11/30-18:14:38.918655 2a70         Options.access_hint_on_compaction_start: 1
2024/11/30-18:14:38.918662 2a70           Options.random_access_max_buffer_size: 1048576
2024/11/30-18:14:38.918667 2a70                      Options.use_adaptive_mutex: 0
2024/11/30-18:14:38.918671 2a70                            Options.rate_limiter: 0000000000000000
2024/11/30-18:14:38.918676 2a70     Options.sst_file_manager.rate_bytes_per_sec: 0
2024/11/30-18:14:38.918680 2a70                       Options.wal_recovery_mode: 2
2024/11/30-18:14:38.918684 2a70                  Options.enable_thread_tracking: 0
2024/11/30-18:14:38.918688 2a70                  Options.enable_pipelined_write: 0
2024/11/30-18:14:38.918693 2a70                  Options.unordered_write: 0
2024/11/30-18:14:38.918697 2a70         Options.allow_concurrent_memtable_write: 1
2024/11/30-18:14:38.918702 2a70      Options.enable_write_thread_adaptive_yield: 1
2024/11/30-18:14:38.918706 2a70             Options.write_thread_max_yield_usec: 100
2024/11/30-18:14:38.918710 2a70            Options.write_thread_slow_yield_usec: 3
2024/11/30-18:14:38.918714 2a70                               Options.row_cache: None
2024/11/30-18:14:38.918719 2a70                              Options.wal_filter: None
2024/11/30-18:14:38.918724 2a70             Options.avoid_flush_during_recovery: 0
2024/11/30-18:14:38.918728 2a70             Options.allow_ingest_behind: 0
2024/11/30-18:14:38.918733 2a70             Options.two_write_queues: 0
2024/11/30-18:14:38.918737 2a70             Options.manual_wal_flush: 0
2024/11/30-18:14:38.918741 2a70             Options.wal_compression: 0
2024/11/30-18:14:38.918746 2a70             Options.atomic_flush: 0
2024/11/30-18:14:38.918749 2a70             Options.avoid_unnecessary_blocking_io: 0
2024/11/30-18:14:38.918753 2a70                 Options.persist_stats_to_disk: 0
2024/11/30-18:14:38.918758 2a70                 Options.write_dbid_to_manifest: 0
2024/11/30-18:14:38.918762 2a70                 Options.log_readahead_size: 0
2024/11/30-18:14:38.918766 2a70                 Options.file_checksum_gen_factory: Unknown
2024/11/30-18:14:38.918771 2a70                 Options.best_efforts_recovery: 0
2024/11/30-18:14:38.918775 2a70                Options.max_bgerror_resume_count: 2147483647
2024/11/30-18:14:38.918780 2a70            Options.bgerror_resume_retry_interval: 1000000
2024/11/30-18:14:38.918784 2a70             Options.allow_data_in_errors: 0
2024/11/30-18:14:38.918788 2a70             Options.db_host_id: __hostname__
2024/11/30-18:14:38.918793 2a70             Options.enforce_single_del_contracts: true
2024/11/30-18:14:38.918798 2a70             Options.max_background_jobs: 2
2024/11/30-18:14:38.918802 2a70             Options.max_background_compactions: -1
2024/11/30-18:14:38.918807 2a70             Options.max_subcompactions: 1
2024/11/30-18:14:38.918811 2a70             Options.avoid_flush_during_shutdown: 0
2024/11/30-18:14:38.918815 2a70           Options.writable_file_max_buffer_size: 1048576
2024/11/30-18:14:38.918819 2a70             Options.delayed_write_rate : 16777216
2024/11/30-18:14:38.918824 2a70             Options.max_total_wal_size: 1073741824
2024/11/30-18:14:38.918828 2a70             Options.delete_obsolete_files_period_micros: 21600000000
2024/11/30-18:14:38.918833 2a70                   Options.stats_dump_period_sec: 600
2024/11/30-18:14:38.918838 2a70                 Options.stats_persist_period_sec: 600
2024/11/30-18:14:38.918842 2a70                 Options.stats_history_buffer_size: 1048576
2024/11/30-18:14:38.918847 2a70                          Options.max_open_files: -1
2024/11/30-18:14:38.918851 2a70                          Options.bytes_per_sync: 0
2024/11/30-18:14:38.918855 2a70                      Options.wal_bytes_per_sync: 0
2024/11/30-18:14:38.918860 2a70                   Options.strict_bytes_per_sync: 0
2024/11/30-18:14:38.918865 2a70       Options.compaction_readahead_size: 2097152
2024/11/30-18:14:38.918870 2a70                  Options.max_background_flushes: -1
2024/11/30-18:14:38.918908 2a70 Options.daily_offpeak_time_utc: 
2024/11/30-18:14:38.918915 2a70 Compression algorithms supported:
2024/11/30-18:14:38.918920 2a70 	kZSTD supported: 1
2024/11/30-18:14:38.918925 2a70 	kSnappyCompression supported: 1
2024/11/30-18:14:38.918930 2a70 	kBZip2Compression supported: 0
2024/11/30-18:14:38.918934 2a70 	kZlibCompression supported: 1
2024/11/30-18:14:38.918939 2a70 	kLZ4Compression supported: 1
2024/11/30-18:14:38.918943 2a70 	kXpressCompression supported: 0
2024/11/30-18:14:38.918947 2a70 	kLZ4HCCompression supported: 1
2024/11/30-18:14:38.918952 2a70 	kZSTDNotFinalCompression supported: 1
2024/11/30-18:14:38.918958 2a70 Fast CRC32 supported: Not supported on x86
2024/11/30-18:14:38.918963 2a70 DMutex implementation: std::mutex
2024/11/30-18:14:38.920915 2a70 [db\version_set.cc:5906] Recovering from manifest file: D:\知识\java-knowledge\k-springcloud\material\nacos\data\protocol\raft\naming_persistent_service_v2\log/MANIFEST-000023
2024/11/30-18:14:38.921300 2a70 [db\column_family.cc:618] --------------- Options for column family [default]:
2024/11/30-18:14:38.921317 2a70               Options.comparator: leveldb.BytewiseComparator
2024/11/30-18:14:38.921323 2a70           Options.merge_operator: StringAppendOperator
2024/11/30-18:14:38.921327 2a70        Options.compaction_filter: None
2024/11/30-18:14:38.921332 2a70        Options.compaction_filter_factory: None
2024/11/30-18:14:38.921337 2a70  Options.sst_partitioner_factory: None
2024/11/30-18:14:38.921341 2a70         Options.memtable_factory: SkipListFactory
2024/11/30-18:14:38.921346 2a70            Options.table_factory: BlockBasedTable
2024/11/30-18:14:38.921385 2a70            table_factory options:   flush_block_policy_factory: FlushBlockBySizePolicyFactory (000002441542F440)
  cache_index_and_filter_blocks: 0
  cache_index_and_filter_blocks_with_high_priority: 1
  pin_l0_filter_and_index_blocks_in_cache: 1
  pin_top_level_index_and_filter: 1
  index_type: 2
  data_block_index_type: 0
  index_shortening: 1
  data_block_hash_table_util_ratio: 0.750000
  checksum: 4
  no_block_cache: 0
  block_cache: 0000024415885E70
  block_cache_name: LRUCache
  block_cache_options:
    capacity : 8388608
    num_shard_bits : 4
    strict_capacity_limit : 0
    memory_allocator : None
    high_pri_pool_ratio: 0.500
    low_pri_pool_ratio: 0.000
  persistent_cache: 0000000000000000
  block_size: 4096
  block_size_deviation: 10
  block_restart_interval: 16
  index_block_restart_interval: 1
  metadata_block_size: 8192
  partition_filters: 1
  use_delta_encoding: 1
  filter_policy: nullptr
  whole_key_filtering: 1
  verify_compression: 0
  read_amp_bytes_per_bit: 0
  format_version: 5
  enable_index_compression: 1
  block_align: 0
  max_auto_readahead_size: 262144
  prepopulate_block_cache: 0
  initial_auto_readahead_size: 8192
  num_file_reads_for_auto_readahead: 2
2024/11/30-18:14:38.921393 2a70        Options.write_buffer_size: 67108864
2024/11/30-18:14:38.921397 2a70  Options.max_write_buffer_number: 3
2024/11/30-18:14:38.921402 2a70          Options.compression: Snappy
2024/11/30-18:14:38.921406 2a70                  Options.bottommost_compression: Disabled
2024/11/30-18:14:38.921411 2a70       Options.prefix_extractor: rocksdb.FixedPrefix
2024/11/30-18:14:38.921415 2a70   Options.memtable_insert_with_hint_prefix_extractor: nullptr
2024/11/30-18:14:38.921420 2a70             Options.num_levels: 7
2024/11/30-18:14:38.921424 2a70        Options.min_write_buffer_number_to_merge: 1
2024/11/30-18:14:38.921428 2a70     Options.max_write_buffer_number_to_maintain: 0
2024/11/30-18:14:38.921432 2a70     Options.max_write_buffer_size_to_maintain: 0
2024/11/30-18:14:38.921436 2a70            Options.bottommost_compression_opts.window_bits: -14
2024/11/30-18:14:38.921441 2a70                  Options.bottommost_compression_opts.level: 32767
2024/11/30-18:14:38.921446 2a70               Options.bottommost_compression_opts.strategy: 0
2024/11/30-18:14:38.921451 2a70         Options.bottommost_compression_opts.max_dict_bytes: 0
2024/11/30-18:14:38.921457 2a70         Options.bottommost_compression_opts.zstd_max_train_bytes: 0
2024/11/30-18:14:38.921470 2a70         Options.bottommost_compression_opts.parallel_threads: 1
2024/11/30-18:14:38.921480 2a70                  Options.bottommost_compression_opts.enabled: false
2024/11/30-18:14:38.921487 2a70         Options.bottommost_compression_opts.max_dict_buffer_bytes: 0
2024/11/30-18:14:38.921493 2a70         Options.bottommost_compression_opts.use_zstd_dict_trainer: true
2024/11/30-18:14:38.921499 2a70            Options.compression_opts.window_bits: -14
2024/11/30-18:14:38.921503 2a70                  Options.compression_opts.level: 32767
2024/11/30-18:14:38.921508 2a70               Options.compression_opts.strategy: 0
2024/11/30-18:14:38.921512 2a70         Options.compression_opts.max_dict_bytes: 0
2024/11/30-18:14:38.921516 2a70         Options.compression_opts.zstd_max_train_bytes: 0
2024/11/30-18:14:38.921520 2a70         Options.compression_opts.use_zstd_dict_trainer: true
2024/11/30-18:14:38.921526 2a70         Options.compression_opts.parallel_threads: 1
2024/11/30-18:14:38.921531 2a70                  Options.compression_opts.enabled: false
2024/11/30-18:14:38.921536 2a70         Options.compression_opts.max_dict_buffer_bytes: 0
2024/11/30-18:14:38.921540 2a70      Options.level0_file_num_compaction_trigger: 10
2024/11/30-18:14:38.921545 2a70          Options.level0_slowdown_writes_trigger: 20
2024/11/30-18:14:38.921549 2a70              Options.level0_stop_writes_trigger: 40
2024/11/30-18:14:38.921553 2a70                   Options.target_file_size_base: 67108864
2024/11/30-18:14:38.921558 2a70             Options.target_file_size_multiplier: 1
2024/11/30-18:14:38.921562 2a70                Options.max_bytes_for_level_base: 536870912
2024/11/30-18:14:38.921567 2a70 Options.level_compaction_dynamic_level_bytes: 1
2024/11/30-18:14:38.921572 2a70          Options.max_bytes_for_level_multiplier: 10.000000
2024/11/30-18:14:38.921578 2a70 Options.max_bytes_for_level_multiplier_addtl[0]: 1
2024/11/30-18:14:38.921583 2a70 Options.max_bytes_for_level_multiplier_addtl[1]: 1
2024/11/30-18:14:38.921587 2a70 Options.max_bytes_for_level_multiplier_addtl[2]: 1
2024/11/30-18:14:38.921591 2a70 Options.max_bytes_for_level_multiplier_addtl[3]: 1
2024/11/30-18:14:38.921595 2a70 Options.max_bytes_for_level_multiplier_addtl[4]: 1
2024/11/30-18:14:38.921599 2a70 Options.max_bytes_for_level_multiplier_addtl[5]: 1
2024/11/30-18:14:38.921604 2a70 Options.max_bytes_for_level_multiplier_addtl[6]: 1
2024/11/30-18:14:38.921608 2a70       Options.max_sequential_skip_in_iterations: 8
2024/11/30-18:14:38.921613 2a70                    Options.max_compaction_bytes: 1677721600
2024/11/30-18:14:38.921618 2a70   Options.ignore_max_compaction_bytes_for_input: true
2024/11/30-18:14:38.921622 2a70                        Options.arena_block_size: 1048576
2024/11/30-18:14:38.921626 2a70   Options.soft_pending_compaction_bytes_limit: 68719476736
2024/11/30-18:14:38.921631 2a70   Options.hard_pending_compaction_bytes_limit: 274877906944
2024/11/30-18:14:38.921635 2a70                Options.disable_auto_compactions: 0
2024/11/30-18:14:38.921641 2a70                        Options.compaction_style: kCompactionStyleLevel
2024/11/30-18:14:38.921646 2a70                          Options.compaction_pri: kMinOverlappingRatio
2024/11/30-18:14:38.921650 2a70 Options.compaction_options_universal.size_ratio: 1
2024/11/30-18:14:38.921654 2a70 Options.compaction_options_universal.min_merge_width: 2
2024/11/30-18:14:38.921659 2a70 Options.compaction_options_universal.max_merge_width: 4294967295
2024/11/30-18:14:38.921663 2a70 Options.compaction_options_universal.max_size_amplification_percent: 200
2024/11/30-18:14:38.921668 2a70 Options.compaction_options_universal.compression_size_percent: -1
2024/11/30-18:14:38.921673 2a70 Options.compaction_options_universal.stop_style: kCompactionStopStyleTotalSize
2024/11/30-18:14:38.921678 2a70 Options.compaction_options_fifo.max_table_files_size: 1073741824
2024/11/30-18:14:38.921683 2a70 Options.compaction_options_fifo.allow_compaction: 0
2024/11/30-18:14:38.921744 2a70                   Options.table_properties_collectors: 
2024/11/30-18:14:38.921752 2a70                   Options.inplace_update_support: 0
2024/11/30-18:14:38.921756 2a70                 Options.inplace_update_num_locks: 10000
2024/11/30-18:14:38.921761 2a70               Options.memtable_prefix_bloom_size_ratio: 0.125000
2024/11/30-18:14:38.921766 2a70               Options.memtable_whole_key_filtering: 0
2024/11/30-18:14:38.921771 2a70   Options.memtable_huge_page_size: 0
2024/11/30-18:14:38.921775 2a70                           Options.bloom_locality: 0
2024/11/30-18:14:38.921779 2a70                    Options.max_successive_merges: 0
2024/11/30-18:14:38.921783 2a70                Options.optimize_filters_for_hits: 0
2024/11/30-18:14:38.921788 2a70                Options.paranoid_file_checks: 0
2024/11/30-18:14:38.921800 2a70                Options.force_consistency_checks: 1
2024/11/30-18:14:38.921806 2a70                Options.report_bg_io_stats: 0
2024/11/30-18:14:38.921811 2a70                               Options.ttl: 2592000
2024/11/30-18:14:38.921816 2a70          Options.periodic_compaction_seconds: 0
2024/11/30-18:14:38.921821 2a70                        Options.default_temperature: kUnknown
2024/11/30-18:14:38.921825 2a70  Options.preclude_last_level_data_seconds: 0
2024/11/30-18:14:38.921830 2a70    Options.preserve_internal_time_seconds: 0
2024/11/30-18:14:38.921834 2a70                       Options.enable_blob_files: false
2024/11/30-18:14:38.921839 2a70                           Options.min_blob_size: 0
2024/11/30-18:14:38.921843 2a70                          Options.blob_file_size: 268435456
2024/11/30-18:14:38.921848 2a70                   Options.blob_compression_type: NoCompression
2024/11/30-18:14:38.921853 2a70          Options.enable_blob_garbage_collection: false
2024/11/30-18:14:38.921858 2a70      Options.blob_garbage_collection_age_cutoff: 0.250000
2024/11/30-18:14:38.921864 2a70 Options.blob_garbage_collection_force_threshold: 1.000000
2024/11/30-18:14:38.921869 2a70          Options.blob_compaction_readahead_size: 0
2024/11/30-18:14:38.921873 2a70                Options.blob_file_starting_level: 0
2024/11/30-18:14:38.921877 2a70         Options.experimental_mempurge_threshold: 0.000000
2024/11/30-18:14:38.921883 2a70            Options.memtable_max_range_deletions: 0
2024/11/30-18:14:38.923460 2a70 [db\column_family.cc:618] --------------- Options for column family [Configuration]:
2024/11/30-18:14:38.923482 2a70               Options.comparator: leveldb.BytewiseComparator
2024/11/30-18:14:38.923489 2a70           Options.merge_operator: StringAppendOperator
2024/11/30-18:14:38.923495 2a70        Options.compaction_filter: None
2024/11/30-18:14:38.923500 2a70        Options.compaction_filter_factory: None
2024/11/30-18:14:38.923504 2a70  Options.sst_partitioner_factory: None
2024/11/30-18:14:38.923509 2a70         Options.memtable_factory: SkipListFactory
2024/11/30-18:14:38.923514 2a70            Options.table_factory: BlockBasedTable
2024/11/30-18:14:38.923561 2a70            table_factory options:   flush_block_policy_factory: FlushBlockBySizePolicyFactory (000002441542F440)
  cache_index_and_filter_blocks: 0
  cache_index_and_filter_blocks_with_high_priority: 1
  pin_l0_filter_and_index_blocks_in_cache: 1
  pin_top_level_index_and_filter: 1
  index_type: 2
  data_block_index_type: 0
  index_shortening: 1
  data_block_hash_table_util_ratio: 0.750000
  checksum: 4
  no_block_cache: 0
  block_cache: 0000024415885E70
  block_cache_name: LRUCache
  block_cache_options:
    capacity : 8388608
    num_shard_bits : 4
    strict_capacity_limit : 0
    memory_allocator : None
    high_pri_pool_ratio: 0.500
    low_pri_pool_ratio: 0.000
  persistent_cache: 0000000000000000
  block_size: 4096
  block_size_deviation: 10
  block_restart_interval: 16
  index_block_restart_interval: 1
  metadata_block_size: 8192
  partition_filters: 1
  use_delta_encoding: 1
  filter_policy: nullptr
  whole_key_filtering: 1
  verify_compression: 0
  read_amp_bytes_per_bit: 0
  format_version: 5
  enable_index_compression: 1
  block_align: 0
  max_auto_readahead_size: 262144
  prepopulate_block_cache: 0
  initial_auto_readahead_size: 8192
  num_file_reads_for_auto_readahead: 2
2024/11/30-18:14:38.923575 2a70        Options.write_buffer_size: 67108864
2024/11/30-18:14:38.923582 2a70  Options.max_write_buffer_number: 3
2024/11/30-18:14:38.923587 2a70          Options.compression: Snappy
2024/11/30-18:14:38.923592 2a70                  Options.bottommost_compression: Disabled
2024/11/30-18:14:38.923598 2a70       Options.prefix_extractor: rocksdb.FixedPrefix
2024/11/30-18:14:38.923602 2a70   Options.memtable_insert_with_hint_prefix_extractor: nullptr
2024/11/30-18:14:38.923607 2a70             Options.num_levels: 7
2024/11/30-18:14:38.923612 2a70        Options.min_write_buffer_number_to_merge: 1
2024/11/30-18:14:38.923617 2a70     Options.max_write_buffer_number_to_maintain: 0
2024/11/30-18:14:38.923622 2a70     Options.max_write_buffer_size_to_maintain: 0
2024/11/30-18:14:38.923627 2a70            Options.bottommost_compression_opts.window_bits: -14
2024/11/30-18:14:38.923633 2a70                  Options.bottommost_compression_opts.level: 32767
2024/11/30-18:14:38.923638 2a70               Options.bottommost_compression_opts.strategy: 0
2024/11/30-18:14:38.923643 2a70         Options.bottommost_compression_opts.max_dict_bytes: 0
2024/11/30-18:14:38.923647 2a70         Options.bottommost_compression_opts.zstd_max_train_bytes: 0
2024/11/30-18:14:38.923652 2a70         Options.bottommost_compression_opts.parallel_threads: 1
2024/11/30-18:14:38.923657 2a70                  Options.bottommost_compression_opts.enabled: false
2024/11/30-18:14:38.923662 2a70         Options.bottommost_compression_opts.max_dict_buffer_bytes: 0
2024/11/30-18:14:38.923668 2a70         Options.bottommost_compression_opts.use_zstd_dict_trainer: true
2024/11/30-18:14:38.923673 2a70            Options.compression_opts.window_bits: -14
2024/11/30-18:14:38.923678 2a70                  Options.compression_opts.level: 32767
2024/11/30-18:14:38.923682 2a70               Options.compression_opts.strategy: 0
2024/11/30-18:14:38.923687 2a70         Options.compression_opts.max_dict_bytes: 0
2024/11/30-18:14:38.923692 2a70         Options.compression_opts.zstd_max_train_bytes: 0
2024/11/30-18:14:38.923696 2a70         Options.compression_opts.use_zstd_dict_trainer: true
2024/11/30-18:14:38.923702 2a70         Options.compression_opts.parallel_threads: 1
2024/11/30-18:14:38.923707 2a70                  Options.compression_opts.enabled: false
2024/11/30-18:14:38.923712 2a70         Options.compression_opts.max_dict_buffer_bytes: 0
2024/11/30-18:14:38.923717 2a70      Options.level0_file_num_compaction_trigger: 10
2024/11/30-18:14:38.923721 2a70          Options.level0_slowdown_writes_trigger: 20
2024/11/30-18:14:38.923726 2a70              Options.level0_stop_writes_trigger: 40
2024/11/30-18:14:38.923731 2a70                   Options.target_file_size_base: 67108864
2024/11/30-18:14:38.923736 2a70             Options.target_file_size_multiplier: 1
2024/11/30-18:14:38.923740 2a70                Options.max_bytes_for_level_base: 536870912
2024/11/30-18:14:38.923746 2a70 Options.level_compaction_dynamic_level_bytes: 1
2024/11/30-18:14:38.923751 2a70          Options.max_bytes_for_level_multiplier: 10.000000
2024/11/30-18:14:38.923757 2a70 Options.max_bytes_for_level_multiplier_addtl[0]: 1
2024/11/30-18:14:38.923761 2a70 Options.max_bytes_for_level_multiplier_addtl[1]: 1
2024/11/30-18:14:38.923766 2a70 Options.max_bytes_for_level_multiplier_addtl[2]: 1
2024/11/30-18:14:38.923771 2a70 Options.max_bytes_for_level_multiplier_addtl[3]: 1
2024/11/30-18:14:38.923776 2a70 Options.max_bytes_for_level_multiplier_addtl[4]: 1
2024/11/30-18:14:38.923781 2a70 Options.max_bytes_for_level_multiplier_addtl[5]: 1
2024/11/30-18:14:38.923786 2a70 Options.max_bytes_for_level_multiplier_addtl[6]: 1
2024/11/30-18:14:38.923791 2a70       Options.max_sequential_skip_in_iterations: 8
2024/11/30-18:14:38.923795 2a70                    Options.max_compaction_bytes: 1677721600
2024/11/30-18:14:38.923803 2a70   Options.ignore_max_compaction_bytes_for_input: true
2024/11/30-18:14:38.923809 2a70                        Options.arena_block_size: 1048576
2024/11/30-18:14:38.923813 2a70   Options.soft_pending_compaction_bytes_limit: 68719476736
2024/11/30-18:14:38.923818 2a70   Options.hard_pending_compaction_bytes_limit: 274877906944
2024/11/30-18:14:38.923824 2a70                Options.disable_auto_compactions: 0
2024/11/30-18:14:38.923830 2a70                        Options.compaction_style: kCompactionStyleLevel
2024/11/30-18:14:38.923836 2a70                          Options.compaction_pri: kMinOverlappingRatio
2024/11/30-18:14:38.923841 2a70 Options.compaction_options_universal.size_ratio: 1
2024/11/30-18:14:38.923846 2a70 Options.compaction_options_universal.min_merge_width: 2
2024/11/30-18:14:38.923851 2a70 Options.compaction_options_universal.max_merge_width: 4294967295
2024/11/30-18:14:38.923855 2a70 Options.compaction_options_universal.max_size_amplification_percent: 200
2024/11/30-18:14:38.923860 2a70 Options.compaction_options_universal.compression_size_percent: -1
2024/11/30-18:14:38.923866 2a70 Options.compaction_options_universal.stop_style: kCompactionStopStyleTotalSize
2024/11/30-18:14:38.923871 2a70 Options.compaction_options_fifo.max_table_files_size: 1073741824
2024/11/30-18:14:38.923876 2a70 Options.compaction_options_fifo.allow_compaction: 0
2024/11/30-18:14:38.923884 2a70                   Options.table_properties_collectors: 
2024/11/30-18:14:38.923889 2a70                   Options.inplace_update_support: 0
2024/11/30-18:14:38.923893 2a70                 Options.inplace_update_num_locks: 10000
2024/11/30-18:14:38.923898 2a70               Options.memtable_prefix_bloom_size_ratio: 0.125000
2024/11/30-18:14:38.923903 2a70               Options.memtable_whole_key_filtering: 0
2024/11/30-18:14:38.923908 2a70   Options.memtable_huge_page_size: 0
2024/11/30-18:14:38.923913 2a70                           Options.bloom_locality: 0
2024/11/30-18:14:38.923917 2a70                    Options.max_successive_merges: 0
2024/11/30-18:14:38.923922 2a70                Options.optimize_filters_for_hits: 0
2024/11/30-18:14:38.923926 2a70                Options.paranoid_file_checks: 0
2024/11/30-18:14:38.923930 2a70                Options.force_consistency_checks: 1
2024/11/30-18:14:38.923935 2a70                Options.report_bg_io_stats: 0
2024/11/30-18:14:38.923939 2a70                               Options.ttl: 2592000
2024/11/30-18:14:38.923943 2a70          Options.periodic_compaction_seconds: 0
2024/11/30-18:14:38.923948 2a70                        Options.default_temperature: kUnknown
2024/11/30-18:14:38.923952 2a70  Options.preclude_last_level_data_seconds: 0
2024/11/30-18:14:38.923957 2a70    Options.preserve_internal_time_seconds: 0
2024/11/30-18:14:38.923961 2a70                       Options.enable_blob_files: false
2024/11/30-18:14:38.923965 2a70                           Options.min_blob_size: 0
2024/11/30-18:14:38.923969 2a70                          Options.blob_file_size: 268435456
2024/11/30-18:14:38.923974 2a70                   Options.blob_compression_type: NoCompression
2024/11/30-18:14:38.923979 2a70          Options.enable_blob_garbage_collection: false
2024/11/30-18:14:38.923984 2a70      Options.blob_garbage_collection_age_cutoff: 0.250000
2024/11/30-18:14:38.923990 2a70 Options.blob_garbage_collection_force_threshold: 1.000000
2024/11/30-18:14:38.923996 2a70          Options.blob_compaction_readahead_size: 0
2024/11/30-18:14:38.924000 2a70                Options.blob_file_starting_level: 0
2024/11/30-18:14:38.924004 2a70         Options.experimental_mempurge_threshold: 0.000000
2024/11/30-18:14:38.924009 2a70            Options.memtable_max_range_deletions: 0
2024/11/30-18:14:38.936523 2a70 [db\version_set.cc:5957] Recovered from manifest file:D:\知识\java-knowledge\k-springcloud\material\nacos\data\protocol\raft\naming_persistent_service_v2\log/MANIFEST-000023 succeeded,manifest_file_number is 23, next_file_number is 25, last_sequence is 20, log_number is 17,prev_log_number is 0,max_column_family is 1,min_log_number_to_keep is 17
2024/11/30-18:14:38.936559 2a70 [db\version_set.cc:5966] Column family [default] (ID 0), log number is 17
2024/11/30-18:14:38.936570 2a70 [db\version_set.cc:5966] Column family [Configuration] (ID 1), log number is 17
2024/11/30-18:14:38.937376 2a70 [db\db_impl\db_impl_open.cc:646] DB ID: 0c695250-ae40-11ef-aece-8032539efea9
2024/11/30-18:14:38.941137 2a70 EVENT_LOG_v1 {"time_micros": 1732961678941124, "job": 1, "event": "recovery_started", "wal_files": [22]}
2024/11/30-18:14:38.941160 2a70 [db\db_impl\db_impl_open.cc:1145] Recovering log #22 mode 2
2024/11/30-18:14:38.954467 2a70 EVENT_LOG_v1 {"time_micros": 1732961678954411, "cf_name": "default", "job": 1, "event": "table_file_creation", "file_number": 26, "file_size": 1204, "file_checksum": "", "file_checksum_func_name": "Unknown", "smallest_seqno": 21, "largest_seqno": 26, "table_properties": {"data_size": 66, "index_size": 45, "index_partitions": 1, "top_level_index_size": 20, "index_key_is_user_key": 1, "index_value_is_delta_encoded": 1, "filter_size": 0, "raw_key_size": 32, "raw_average_key_size": 16, "raw_value_size": 42, "raw_average_value_size": 21, "num_data_blocks": 1, "num_entries": 2, "num_filter_entries": 0, "num_deletions": 1, "num_merge_operands": 0, "num_range_deletions": 1, "format_version": 0, "fixed_key_len": 0, "filter_policy": "", "column_family_name": "default", "column_family_id": 0, "comparator": "leveldb.BytewiseComparator", "user_defined_timestamps_persisted": 1, "merge_operator": "StringAppendOperator", "prefix_extractor_name": "rocksdb.FixedPrefix.8", "property_collectors": "[]", "compression": "Snappy", "compression_options": "window_bits=-14; level=32767; strategy=0; max_dict_bytes=0; zstd_max_train_bytes=0; enabled=0; max_dict_buffer_bytes=0; use_zstd_dict_trainer=1; ", "creation_time": 1732961678, "oldest_key_time": 0, "file_creation_time": 0, "slow_compression_estimated_data_size": 0, "fast_compression_estimated_data_size": 0, "db_id": "0c695250-ae40-11ef-aece-8032539efea9", "db_session_id": "GW7B6RN4JW4JXHZQLES3", "orig_file_number": 26, "seqno_to_time_mapping": "N/A"}}
2024/11/30-18:14:38.961679 2a70 EVENT_LOG_v1 {"time_micros": 1732961678961623, "cf_name": "Configuration", "job": 1, "event": "table_file_creation", "file_number": 27, "file_size": 1268, "file_checksum": "", "file_checksum_func_name": "Unknown", "smallest_seqno": 22, "largest_seqno": 27, "table_properties": {"data_size": 103, "index_size": 65, "index_partitions": 1, "top_level_index_size": 30, "index_key_is_user_key": 1, "index_value_is_delta_encoded": 1, "filter_size": 0, "raw_key_size": 58, "raw_average_key_size": 19, "raw_value_size": 50, "raw_average_value_size": 16, "num_data_blocks": 1, "num_entries": 3, "num_filter_entries": 0, "num_deletions": 1, "num_merge_operands": 0, "num_range_deletions": 1, "format_version": 0, "fixed_key_len": 0, "filter_policy": "", "column_family_name": "Configuration", "column_family_id": 1, "comparator": "leveldb.BytewiseComparator", "user_defined_timestamps_persisted": 1, "merge_operator": "StringAppendOperator", "prefix_extractor_name": "rocksdb.FixedPrefix.8", "property_collectors": "[]", "compression": "Snappy", "compression_options": "window_bits=-14; level=32767; strategy=0; max_dict_bytes=0; zstd_max_train_bytes=0; enabled=0; max_dict_buffer_bytes=0; use_zstd_dict_trainer=1; ", "creation_time": 1732961678, "oldest_key_time": 0, "file_creation_time": 0, "slow_compression_estimated_data_size": 0, "fast_compression_estimated_data_size": 0, "db_id": "0c695250-ae40-11ef-aece-8032539efea9", "db_session_id": "GW7B6RN4JW4JXHZQLES3", "orig_file_number": 27, "seqno_to_time_mapping": "N/A"}}
2024/11/30-18:14:38.966163 2a70 EVENT_LOG_v1 {"time_micros": 1732961678966147, "job": 1, "event": "recovery_finished"}
2024/11/30-18:14:38.968060 2a70 [db\version_set.cc:5417] Creating manifest 29
2024/11/30-18:14:38.998215 2a70 [file\delete_scheduler.cc:77] Deleted file D:\知识\java-knowledge\k-springcloud\material\nacos\data\protocol\raft\naming_persistent_service_v2\log/000022.log immediately, rate_bytes_per_sec 0, total_trash_size 0 max_trash_db_ratio 0.250000
2024/11/30-18:14:38.999277 2a70 [db\db_impl\db_impl_open.cc:2150] SstFileManager instance 0000024414CF0070
2024/11/30-18:14:39.000719 2a70 DB pointer 00000244197C90C0
2024/11/30-18:14:42.002155 2738 [db\db_impl\db_impl.cc:1141] ------- DUMPING STATS -------
2024/11/30-18:14:42.002180 2738 [db\db_impl\db_impl.cc:1142] 
** DB Stats **
Uptime(secs): 3.1 total, 3.1 interval
Cumulative writes: 6 writes, 7 keys, 6 commit groups, 1.0 writes per commit group, ingest: 0.00 GB, 0.00 MB/s
Cumulative WAL: 6 writes, 2 syncs, 3.00 writes per sync, written: 0.00 GB, 0.00 MB/s
Cumulative stall: 00:00:0.000 H:M:S, 0.0 percent
Interval writes: 6 writes, 7 keys, 6 commit groups, 1.0 writes per commit group, ingest: 0.00 MB, 0.00 MB/s
Interval WAL: 6 writes, 2 syncs, 3.00 writes per sync, written: 0.00 GB, 0.00 MB/s
Interval stall: 00:00:0.000 H:M:S, 0.0 percent
Write Stall (count): write-buffer-manager-limit-stops: 0

** Compaction Stats [default] **
Level    Files   Size     Score Read(GB)  Rn(GB) Rnp1(GB) Write(GB) Wnew(GB) Moved(GB) W-Amp Rd(MB/s) Wr(MB/s) Comp(sec) CompMergeCPU(sec) Comp(cnt) Avg(sec) KeyIn KeyDrop Rblob(GB) Wblob(GB)
------------------------------------------------------------------------------------------------------------------------------------------------------------------------------------------------
  L0      4/0    4.57 KB   0.4      0.0     0.0      0.0       0.0      0.0       0.0   1.0      0.0      0.1      0.01              0.00         1    0.013       0      0       0.0       0.0
 Sum      4/0    4.57 KB   0.0      0.0     0.0      0.0       0.0      0.0       0.0   1.0      0.0      0.1      0.01              0.00         1    0.013       0      0       0.0       0.0
 Int      0/0    0.00 KB   0.0      0.0     0.0      0.0       0.0      0.0       0.0   1.0      0.0      0.1      0.01              0.00         1    0.013       0      0       0.0       0.0

** Compaction Stats [default] **
Priority    Files   Size     Score Read(GB)  Rn(GB) Rnp1(GB) Write(GB) Wnew(GB) Moved(GB) W-Amp Rd(MB/s) Wr(MB/s) Comp(sec) CompMergeCPU(sec) Comp(cnt) Avg(sec) KeyIn KeyDrop Rblob(GB) Wblob(GB)
---------------------------------------------------------------------------------------------------------------------------------------------------------------------------------------------------
User      0/0    0.00 KB   0.0      0.0     0.0      0.0       0.0      0.0       0.0   0.0      0.0      0.1      0.01              0.00         1    0.013       0      0       0.0       0.0

Blob file count: 0, total size: 0.0 GB, garbage size: 0.0 GB, space amp: 0.0

Uptime(secs): 3.1 total, 3.1 interval
Flush(GB): cumulative 0.000, interval 0.000
AddFile(GB): cumulative 0.000, interval 0.000
AddFile(Total Files): cumulative 0, interval 0
AddFile(L0 Files): cumulative 0, interval 0
AddFile(Keys): cumulative 0, interval 0
Cumulative compaction: 0.00 GB write, 0.00 MB/s write, 0.00 GB read, 0.00 MB/s read, 0.0 seconds
Interval compaction: 0.00 GB write, 0.00 MB/s write, 0.00 GB read, 0.00 MB/s read, 0.0 seconds
Write Stall (count): cf-l0-file-count-limit-delays-with-ongoing-compaction: 0, cf-l0-file-count-limit-stops-with-ongoing-compaction: 0, l0-file-count-limit-delays: 0, l0-file-count-limit-stops: 0, memtable-limit-delays: 0, memtable-limit-stops: 0, pending-compaction-bytes-delays: 0, pending-compaction-bytes-stops: 0, total-delays: 0, total-stops: 0
Block cache LRUCache@0000024415885E70#10000 capacity: 8.00 MB seed: 1085131344 usage: 4.80 KB table_size: 256 occupancy: 23 collections: 1 last_copies: 1 last_secs: 2.9e-05 secs_since: 0
Block cache entry stats(count,size,portion): DataBlock(15,2.07 KB,0.0252962%) IndexBlock(7,0.78 KB,0.00948906%) Misc(1,0.00 KB,0%)

** File Read Latency Histogram By Level [default] **
** Level 0 read latency histogram (micros):
Count: 7 Average: 29.7143  StdDev: 28.69
Min: 6  Median: 25.0000  Max: 95
Percentiles: P50: 25.00 P75: 38.25 P99: 95.00 P99.9: 95.00 P99.99: 95.00
------------------------------------------------------
(       4,       6 ]        2  28.571%  28.571% ######
(      10,      15 ]        1  14.286%  42.857% ###
(      22,      34 ]        2  28.571%  71.429% ######
(      34,      51 ]        1  14.286%  85.714% ###
(      76,     110 ]        1  14.286% 100.000% ###


** Compaction Stats [Configuration] **
Level    Files   Size     Score Read(GB)  Rn(GB) Rnp1(GB) Write(GB) Wnew(GB) Moved(GB) W-Amp Rd(MB/s) Wr(MB/s) Comp(sec) CompMergeCPU(sec) Comp(cnt) Avg(sec) KeyIn KeyDrop Rblob(GB) Wblob(GB)
------------------------------------------------------------------------------------------------------------------------------------------------------------------------------------------------
  L0      4/0    4.89 KB   0.4      0.0     0.0      0.0       0.0      0.0       0.0   1.0      0.0      0.3      0.00              0.00         1    0.005       0      0       0.0       0.0
 Sum      4/0    4.89 KB   0.0      0.0     0.0      0.0       0.0      0.0       0.0   1.0      0.0      0.3      0.00              0.00         1    0.005       0      0       0.0       0.0
 Int      0/0    0.00 KB   0.0      0.0     0.0      0.0       0.0      0.0       0.0   1.0      0.0      0.3      0.00              0.00         1    0.005       0      0       0.0       0.0

** Compaction Stats [Configuration] **
Priority    Files   Size     Score Read(GB)  Rn(GB) Rnp1(GB) Write(GB) Wnew(GB) Moved(GB) W-Amp Rd(MB/s) Wr(MB/s) Comp(sec) CompMergeCPU(sec) Comp(cnt) Avg(sec) KeyIn KeyDrop Rblob(GB) Wblob(GB)
---------------------------------------------------------------------------------------------------------------------------------------------------------------------------------------------------
User      0/0    0.00 KB   0.0      0.0     0.0      0.0       0.0      0.0       0.0   0.0      0.0      0.3      0.00              0.00         1    0.005       0      0       0.0       0.0

Blob file count: 0, total size: 0.0 GB, garbage size: 0.0 GB, space amp: 0.0

Uptime(secs): 3.1 total, 3.1 interval
Flush(GB): cumulative 0.000, interval 0.000
AddFile(GB): cumulative 0.000, interval 0.000
AddFile(Total Files): cumulative 0, interval 0
AddFile(L0 Files): cumulative 0, interval 0
AddFile(Keys): cumulative 0, interval 0
Cumulative compaction: 0.00 GB write, 0.00 MB/s write, 0.00 GB read, 0.00 MB/s read, 0.0 seconds
Interval compaction: 0.00 GB write, 0.00 MB/s write, 0.00 GB read, 0.00 MB/s read, 0.0 seconds
Write Stall (count): cf-l0-file-count-limit-delays-with-ongoing-compaction: 0, cf-l0-file-count-limit-stops-with-ongoing-compaction: 0, l0-file-count-limit-delays: 0, l0-file-count-limit-stops: 0, memtable-limit-delays: 0, memtable-limit-stops: 0, pending-compaction-bytes-delays: 0, pending-compaction-bytes-stops: 0, total-delays: 0, total-stops: 0
Block cache LRUCache@0000024415885E70#10000 capacity: 8.00 MB seed: 1085131344 usage: 4.80 KB table_size: 256 occupancy: 23 collections: 1 last_copies: 1 last_secs: 2.9e-05 secs_since: 0
Block cache entry stats(count,size,portion): DataBlock(15,2.07 KB,0.0252962%) IndexBlock(7,0.78 KB,0.00948906%) Misc(1,0.00 KB,0%)

